,TIME,ELAPSED_SECONDS,PSTATE,acc_x,acc_y,acc_z,mag_x,mag_y,mag_z,gyr_x,gyr_y,gyr_z,lin_x,lin_y,lin_z,eul_x,eul_y,eul_z,qua_w,qua_x,qua_y,qua_z
0,1041516.0,799.517125,1.0,-3.09,0.04,-9.47,10.88,-22.56,35.69,1.0,3.94,-1.25,0.09627679852811566,-0.10757321246417853,-0.15375956898989251,-160.66576217664587,5.123950007684243,18.587944621042265,-0.0006,-0.9858,0.0447,0.1615
1,1041516.0,799.517125,1.0,-3.09,0.04,-9.47,10.88,-22.56,35.69,1.0,3.94,-1.25,0.09627679852811566,-0.10757321246417853,-0.15375956898989251,-160.66576217664587,5.123950007684243,18.587944621042265,-0.0006,-0.9858,0.0447,0.1615
2,1041553.0,799.552885,1.0,-3.07,0.31,-9.51,10.5,-21.87,37.25,-1.37,4.56,-1.44,0.0780372382173764,0.1555028014620487,-0.18989085512527734,-160.8715680310398,5.089538374458754,18.437010245615284,-0.001,-0.9861,0.0444,0.1602
3,1041553.0,799.552885,1.0,-3.07,0.31,-9.51,10.5,-21.87,37.25,-1.37,4.56,-1.44,0.0780372382173764,0.1555028014620487,-0.18989085512527734,-160.8715680310398,5.089538374458754,18.437010245615284,-0.001,-0.9861,0.0444,0.1602
4,1041586.0,799.590096,1.0,-3.23,-0.03,-9.21,10.5,-21.87,37.25,2.38,-4.94,2.0,-0.11697675059508204,-0.1846918657406531,0.04908343068828813,-160.73412214644492,5.15836210329675,18.564721836939235,-0.0001,-0.9859,0.045,0.1613
5,1041586.0,799.590096,1.0,-3.23,-0.03,-9.21,10.5,-21.87,37.25,2.38,-4.94,2.0,-0.11697675059508204,-0.1846918657406531,0.04908343068828813,-160.73412214644492,5.15836210329675,18.564721836939235,-0.0001,-0.9859,0.045,0.1613
6,1041623.0,799.633739,1.0,-3.18,0.04,-9.32,10.19,-21.87,35.56,-4.94,3.25,0.25,-0.04649138012351184,-0.12442145072146445,-0.0401138264647436,-160.80272323312002,5.146891353190199,18.52988910265012,-0.0009,-0.986,0.0449,0.161
7,1041623.0,799.633739,1.0,-3.18,0.04,-9.32,10.19,-21.87,35.56,-4.94,3.25,0.25,-0.04649138012351184,-0.12442145072146445,-0.0401138264647436,-160.80272323312002,5.146891353190199,18.52988910265012,-0.0009,-0.986,0.0449,0.161
8,1041659.0,799.675572,1.0,-2.99,0.12,-9.49,11.25,-22.19,34.75,3.31,3.56,0.0,0.1595214812315726,-0.018736579764589638,-0.14266162631889934,-160.8715680310398,5.146891353190199,18.4137924426918,-0.0005,-0.9861,0.0449,0.16
9,1041659.0,799.675572,1.0,-2.99,0.12,-9.49,11.25,-22.19,34.75,3.31,3.56,0.0,0.1595214812315726,-0.018736579764589638,-0.14266162631889934,-160.8715680310398,5.146891353190199,18.4137924426918,-0.0005,-0.9861,0.0449,0.16
10,1041692.0,799.69079,1.0,-2.98,0.03,-9.53,11.25,-22.19,34.75,-4.94,-5.63,1.5,0.20991019032166136,-0.10575820991529296,-0.17568203780733072,-160.73412214644492,5.215716631990905,18.52988910265012,-0.0004,-0.9859,0.0455,0.161
11,1041692.0,799.69079,1.0,-2.98,0.03,-9.53,11.25,-22.19,34.75,-4.94,-5.63,1.5,0.20991019032166136,-0.10575820991529296,-0.17568203780733072,-160.73412214644492,5.215716631990905,18.52988910265012,-0.0004,-0.9859,0.0455,0.161
12,1041727.0,799.729367,1.0,-3.18,0.01,-9.57,10.88,-23.0,37.75,-0.19,2.63,0.12,0.0317643805700798,-0.14589925093719475,-0.276757382065993,-160.73412214644492,5.238658808769412,18.506668239532367,-0.0005,-0.9859,0.0457,0.1608
13,1041727.0,799.729367,1.0,-3.18,0.01,-9.57,10.88,-23.0,37.75,-0.19,2.63,0.12,0.0317643805700798,-0.14589925093719475,-0.276757382065993,-160.73412214644492,5.238658808769412,18.506668239532367,-0.0005,-0.9859,0.0457,0.1608
14,1041764.0,799.769216,1.0,-3.05,0.46,-9.49,10.19,-21.87,36.5,0.31,3.94,-0.5,0.06760896233188429,0.2908066688113308,-0.16756979452965834,-160.8715680310398,5.215716631990905,18.37896716762953,-0.0016,-0.9861,0.0455,0.1597
15,1041764.0,799.769216,1.0,-3.05,0.46,-9.49,10.19,-21.87,36.5,0.31,3.94,-0.5,0.06760896233188429,0.2908066688113308,-0.16756979452965834,-160.8715680310398,5.215716631990905,18.37896716762953,-0.0016,-0.9861,0.0455,0.1597
16,1041799.0,799.796455,1.0,-3.09,0.06,-9.46,10.19,-21.87,36.5,2.0,-2.44,-0.44,0.05566772968226874,-0.10301479083726546,-0.14471116602853584,-160.8715680310398,5.192774664418371,18.37896716762953,-0.0012,-0.9861,0.0453,0.1597
17,1041799.0,799.796455,1.0,-3.09,0.06,-9.46,10.19,-21.87,36.5,2.0,-2.44,-0.44,0.05566772968226874,-0.10301479083726546,-0.14471116602853584,-160.8715680310398,5.192774664418371,18.37896716762953,-0.0012,-0.9861,0.0453,0.1597
18,1041833.0,799.83601,1.0,-3.18,0.24,-9.6,10.19,-23.37,36.88,-0.31,3.31,-0.69,-0.011273996308547085,0.06374871458726737,-0.3089720272603937,-160.94065918134044,5.181303758795194,18.320928845487863,-0.0015,-0.9862,0.0452,0.1592
19,1041833.0,799.83601,1.0,-3.18,0.24,-9.6,10.19,-23.37,36.88,-0.31,3.31,-0.69,-0.011273996308547085,0.06374871458726737,-0.3089720272603937,-160.94065918134044,5.181303758795194,18.320928845487863,-0.0015,-0.9862,0.0452,0.1592
20,1041868.0,799.880544,1.0,-3.08,0.14,-9.31,10.5,-22.19,35.56,-1.94,4.19,-1.63,-0.01676890068236725,-0.035847349032276064,-0.0005174693326814861,-161.07959134463854,5.146891353190199,18.216471799125177,-0.0018,-0.9864,0.0449,0.1583
21,1041868.0,799.880544,1.0,-3.08,0.14,-9.31,10.5,-22.19,35.56,-1.94,4.19,-1.63,-0.01676890068236725,-0.035847349032276064,-0.0005174693326814861,-161.07959134463854,5.146891353190199,18.216471799125177,-0.0018,-0.9864,0.0449,0.1583
22,1041903.0,799.9358440000001,1.0,-2.7,0.38,-9.84,10.19,-22.19,34.75,-0.81,-7.06,-0.25,0.4956424992107125,0.24127607977899404,-0.3892376203252965,-161.00999937311443,5.1354206546912415,18.262895263137004,-0.0019,-0.9863,0.0448,0.1587
23,1041903.0,799.9358440000001,1.0,-2.7,0.38,-9.84,10.19,-22.19,34.75,-0.81,-7.06,-0.25,0.4956424992107125,0.24127607977899404,-0.3892376203252965,-161.00999937311443,5.1354206546912415,18.262895263137004,-0.0019,-0.9863,0.0448,0.1587
24,1041938.0,799.949542,1.0,-3.13,0.0,-9.44,10.19,-22.19,34.75,1.5,1.0,-0.69,0.006829135127894181,-0.1697098634780903,-0.1372753780965006,-160.94065918134044,5.146891353190199,18.320928845487863,-0.0014,-0.9862,0.0449,0.1592
25,1041938.0,799.949542,1.0,-3.13,0.0,-9.44,10.19,-22.19,34.75,1.5,1.0,-0.69,0.006829135127894181,-0.1697098634780903,-0.1372753780965006,-160.94065918134044,5.146891353190199,18.320928845487863,-0.0014,-0.9862,0.0449,0.1592
26,1041975.0,799.999875,1.0,-3.04,0.17,-9.54,10.5,-22.19,36.38,0.94,3.75,0.25,0.0903858902686976,-0.0010308138515967586,-0.20703709957841102,-161.07959134463854,5.112479412053579,18.216471799125177,-0.0019,-0.9864,0.0446,0.1583
27,1041975.0,799.999875,1.0,-3.04,0.17,-9.54,10.5,-22.19,36.38,0.94,3.75,0.25,0.0903858902686976,-0.0010308138515967586,-0.20703709957841102,-161.07959134463854,5.112479412053579,18.216471799125177,-0.0019,-0.9864,0.0446,0.1583
28,1042010.0,800.022683,1.0,-3.03,0.14,-9.45,10.88,-23.0,35.69,0.06,-4.5,1.63,0.07609697477842259,-0.020308788353420832,-0.1179052446215536,-161.00999937311443,5.15836210329675,18.228077382152183,-0.0013,-0.9863,0.045,0.1584
29,1042010.0,800.022683,1.0,-3.03,0.14,-9.45,10.88,-23.0,35.69,0.06,-4.5,1.63,0.07609697477842259,-0.020308788353420832,-0.1179052446215536,-161.00999937311443,5.15836210329675,18.228077382152183,-0.0013,-0.9863,0.045,0.1584
30,1042042.0,800.049874,1.0,-3.21,0.45,-9.48,10.88,-23.0,35.69,2.94,2.69,-0.44,-0.1060871181201808,0.26871892114960017,-0.20801602861948787,-161.00999937311443,5.169832905126534,18.262895263137004,-0.0015,-0.9863,0.0451,0.1587
31,1042042.0,800.049874,1.0,-3.21,0.45,-9.48,10.88,-23.0,35.69,2.94,2.69,-0.44,-0.1060871181201808,0.26871892114960017,-0.20801602861948787,-161.00999937311443,5.169832905126534,18.262895263137004,-0.0015,-0.9863,0.0451,0.1587
32,1042077.0,800.0869610000001,1.0,-2.85,-0.07,-9.72,10.5,-22.19,36.88,1.5,1.81,1.06,0.34296741717910617,-0.2075151542992744,-0.31486721885062074,-161.07959134463854,5.204245622111723,18.193261198253683,-0.0011,-0.9864,0.0454,0.1581
33,1042077.0,800.0869610000001,1.0,-2.85,-0.07,-9.72,10.5,-22.19,36.88,1.5,1.81,1.06,0.34296741717910617,-0.2075151542992744,-0.31486721885062074,-161.07959134463854,5.204245622111723,18.193261198253683,-0.0011,-0.9864,0.0454,0.1581
34,1042114.0,800.127242,1.0,-2.96,0.41,-9.49,10.5,-21.87,34.38,2.25,-11.25,3.5,0.17013218039937916,0.259284576556904,-0.13787746738386808,-160.80272323312002,5.307486603594608,18.460228812044047,-0.001,-0.986,0.0463,0.1604
35,1042114.0,800.127242,1.0,-2.96,0.41,-9.49,10.5,-21.87,34.38,2.25,-11.25,3.5,0.17013218039937916,0.259284576556904,-0.13787746738386808,-160.80272323312002,5.307486603594608,18.460228812044047,-0.001,-0.986,0.0463,0.1604
36,1042151.0,800.171467,1.0,-3.34,0.22,-9.21,10.5,-21.87,34.38,3.19,-0.56,0.63,-0.2345209613813604,0.04293524833473001,0.010157950132191118,-160.59764077497127,5.3533728631413355,18.611168175342147,-0.0004,-0.9857,0.0467,0.1617
37,1042151.0,800.171467,1.0,-3.34,0.22,-9.21,10.5,-21.87,34.38,3.19,-0.56,0.63,-0.2345209613813604,0.04293524833473001,0.010157950132191118,-160.59764077497127,5.3533728631413355,18.611168175342147,-0.0004,-0.9857,0.0467,0.1617
38,1042184.0,800.231772,1.0,-3.07,0.14,-9.47,10.5,-22.19,36.06,0.56,3.19,1.06,0.09034714382049593,-0.012962006022872546,-0.14910559061206466,-160.73412214644492,5.3533728631413355,18.49505809550988,-0.0006,-0.9859,0.0467,0.1607
39,1042184.0,800.231772,1.0,-3.07,0.14,-9.47,10.5,-22.19,36.06,0.56,3.19,1.06,0.09034714382049593,-0.012962006022872546,-0.14910559061206466,-160.73412214644492,5.3533728631413355,18.49505809550988,-0.0006,-0.9859,0.0467,0.1607
40,1042219.0,800.244474,1.0,-3.23,0.22,-9.1,11.69,-22.19,37.25,1.0,-7.19,1.5,-0.15624440037728515,0.05368422690602431,0.1493208821158909,-160.52975543717122,5.422203865470181,18.669230437467,-0.0002,-0.9856,0.0473,0.1622
41,1042219.0,800.244474,1.0,-3.23,0.22,-9.1,11.69,-22.19,37.25,1.0,-7.19,1.5,-0.15624440037728515,0.05368422690602431,0.1493208821158909,-160.52975543717122,5.422203865470181,18.669230437467,-0.0002,-0.9856,0.0473,0.1622
42,1042255.0,800.2761429999999,1.0,-3.13,0.34,-9.41,10.19,-22.19,36.38,-2.69,6.31,-1.44,0.008159877590698583,0.18135522306772475,-0.11442069319959106,-160.66576217664587,5.387788121139308,18.564721836939235,-0.0005,-0.9858,0.047,0.1613
43,1042255.0,800.2761429999999,1.0,-3.13,0.34,-9.41,10.19,-22.19,36.38,-2.69,6.31,-1.44,0.008159877590698583,0.18135522306772475,-0.11442069319959106,-160.66576217664587,5.387788121139308,18.564721836939235,-0.0005,-0.9858,0.047,0.1613
44,1042290.0,800.282783,1.0,-2.85,0.0,-9.75,10.19,-22.19,36.38,3.69,7.88,-0.63,0.364424833286152,-0.11796462610506855,-0.3441272553569643,-160.8715680310398,5.364844561963229,18.297714844671226,0.0,-0.9861,0.0468,0.159
45,1042290.0,800.282783,1.0,-2.85,0.0,-9.75,10.19,-22.19,36.38,3.69,7.88,-0.63,0.364424833286152,-0.11796462610506855,-0.3441272553569643,-160.8715680310398,5.364844561963229,18.297714844671226,0.0,-0.9861,0.0468,0.159
46,1042325.0,800.325461,1.0,-3.16,0.45,-9.46,11.25,-22.19,35.56,-3.19,-4.38,1.88,-0.04639103913808063,0.2830335556483431,-0.17320169618590953,-160.80272323312002,5.3992599817249625,18.37896716762953,-0.0007,-0.986,0.0471,0.1597
47,1042325.0,800.325461,1.0,-3.16,0.45,-9.46,11.25,-22.19,35.56,-3.19,-4.38,1.88,-0.04639103913808063,0.2830335556483431,-0.17320169618590953,-160.80272323312002,5.3992599817249625,18.37896716762953,-0.0007,-0.986,0.0471,0.1597
48,1042362.0,800.358451,1.0,-3.09,0.35,-9.4,11.25,-22.19,36.06,2.75,2.56,-1.37,0.003325184029570938,0.20061121128188647,-0.09235722724552886,-160.8715680310398,5.3992599817249625,18.344143604670897,-0.0001,-0.9861,0.0471,0.1594
49,1042362.0,800.358451,1.0,-3.09,0.35,-9.4,11.25,-22.19,36.06,2.75,2.56,-1.37,0.003325184029570938,0.20061121128188647,-0.09235722724552886,-160.8715680310398,5.3992599817249625,18.344143604670897,-0.0001,-0.9861,0.0471,0.1594
50,1042397.0,800.392263,1.0,-2.93,-0.2,-9.85,11.25,-22.19,36.06,-10.19,8.38,-5.69,0.31130431306451123,-0.3325842125336724,-0.4617421509767414,-161.07959134463854,5.284543793645802,18.146842253651585,-0.0005,-0.9864,0.0461,0.1577
51,1042397.0,800.392263,1.0,-2.93,-0.2,-9.85,11.25,-22.19,36.06,-10.19,8.38,-5.69,0.31130431306451123,-0.3325842125336724,-0.4617421509767414,-161.07959134463854,5.284543793645802,18.146842253651585,-0.0005,-0.9864,0.0461,0.1577
52,1042429.0,800.429715,1.0,-3.02,0.23,-9.41,10.5,-21.87,35.56,-4.13,-8.88,1.31,0.07061270313769152,0.0727278532335709,-0.0782437528695592,-160.94065918134044,5.3533728631413355,18.262895263137004,-0.0009,-0.9862,0.0467,0.1587
53,1042429.0,800.429715,1.0,-3.02,0.23,-9.41,10.5,-21.87,35.56,-4.13,-8.88,1.31,0.07061270313769152,0.0727278532335709,-0.0782437528695592,-160.94065918134044,5.3533728631413355,18.262895263137004,-0.0009,-0.9862,0.0467,0.1587
54,1042466.0,800.4765309999999,1.0,-3.11,0.21,-9.36,10.5,-21.87,36.06,3.5,2.88,0.19,-0.028688243622121638,0.0506702965997363,-0.05856208620070191,-160.94065918134044,5.387788121139308,18.262895263137004,-0.0005,-0.9862,0.047,0.1587
55,1042466.0,800.4765309999999,1.0,-3.11,0.21,-9.36,10.5,-21.87,36.06,3.5,2.88,0.19,-0.028688243622121638,0.0506702965997363,-0.05856208620070191,-160.94065918134044,5.387788121139308,18.262895263137004,-0.0005,-0.9862,0.047,0.1587
56,1042503.0,800.539008,1.0,-2.72,0.1,-9.77,10.5,-22.19,36.88,1.5,2.75,-0.69,0.457194014395153,-0.004012381299879523,-0.3250950389356664,-161.07959134463854,5.3992599817249625,18.146842253651585,0.0002,-0.9864,0.0471,0.1577
57,1042503.0,800.539008,1.0,-2.72,0.1,-9.77,10.5,-22.19,36.88,1.5,2.75,-0.69,0.457194014395153,-0.004012381299879523,-0.3250950389356664,-161.07959134463854,5.3992599817249625,18.146842253651585,0.0002,-0.9864,0.0471,0.1577
58,1042536.0,800.551756,1.0,-3.07,0.13,-9.07,10.5,-22.19,36.88,-1.0,-7.19,3.13,-0.059500725448084164,-0.011002365730500702,0.23047964794279,-160.80272323312002,5.502509177758649,18.35575126897081,0.0006,-0.986,0.048,0.1595
59,1042536.0,800.551756,1.0,-3.07,0.13,-9.07,10.5,-22.19,36.88,-1.0,-7.19,3.13,-0.059500725448084164,-0.011002365730500702,0.23047964794279,-160.80272323312002,5.502509177758649,18.35575126897081,0.0006,-0.986,0.048,0.1595
60,1042573.0,800.5770610000001,1.0,-3.31,0.37,-9.37,10.5,-22.19,36.88,-3.44,1.06,-0.37,-0.2081989558280244,0.19498613166910028,-0.13359816607959907,-160.80272323312002,5.5598717686300585,18.390575402245243,-0.0001,-0.986,0.0485,0.1598
61,1042573.0,800.5770610000001,1.0,-3.31,0.37,-9.37,10.5,-22.19,36.88,-3.44,1.06,-0.37,-0.2081989558280244,0.19498613166910028,-0.13359816607959907,-160.80272323312002,5.5598717686300585,18.390575402245243,-0.0001,-0.986,0.0485,0.1598
62,1042608.0,800.640882,1.0,-2.68,-0.06,-9.74,10.5,-21.87,36.88,6.19,0.81,1.56,0.5234080391764449,-0.15063960614993666,-0.2808150796711271,-160.8715680310398,5.594289991509483,18.274501601194086,0.0008,-0.9861,0.0488,0.1588
63,1042608.0,800.640882,1.0,-2.68,-0.06,-9.74,10.5,-21.87,36.88,6.19,0.81,1.56,0.5234080391764449,-0.15063960614993666,-0.2808150796711271,-160.8715680310398,5.594289991509483,18.274501601194086,0.0008,-0.9861,0.0488,0.1588
64,1042642.0,800.654633,1.0,-3.28,0.25,-9.27,10.5,-21.87,36.88,-1.5,-0.75,0.69,-0.20832069818051835,0.08668661175003713,-0.027112653127888464,-160.80272323312002,5.605762844556931,18.344143604670897,0.0005,-0.986,0.0489,0.1594
65,1042642.0,800.654633,1.0,-3.28,0.25,-9.27,10.5,-21.87,36.88,-1.5,-0.75,0.69,-0.20832069818051835,0.08668661175003713,-0.027112653127888464,-160.80272323312002,5.605762844556931,18.344143604670897,0.0005,-0.986,0.0489,0.1594
66,1042677.0,800.685453,1.0,-3.01,0.42,-9.63,10.88,-21.5,36.88,-1.5,2.81,-2.44,0.1280672724974663,0.2765481159952696,-0.286938059419434,-160.8715680310398,5.548399139371833,18.251289114029838,-0.0001,-0.9861,0.0484,0.1586
67,1042677.0,800.685453,1.0,-3.01,0.42,-9.63,10.88,-21.5,36.88,-1.5,2.81,-2.44,0.1280672724974663,0.2765481159952696,-0.286938059419434,-160.8715680310398,5.548399139371833,18.251289114029838,-0.0001,-0.9861,0.0484,0.1586
68,1042714.0,800.723038,1.0,-3.26,0.6,-9.52,10.19,-22.56,36.38,5.69,1.94,-6.19,-0.18033898229155754,0.4496272137153651,-0.2622781068121931,-161.07959134463854,5.3992599817249625,18.13523798699121,0.0007,-0.9864,0.0471,0.1576
69,1042714.0,800.723038,1.0,-3.26,0.6,-9.52,10.19,-22.56,36.38,5.69,1.94,-6.19,-0.18033898229155754,0.4496272137153651,-0.2622781068121931,-161.07959134463854,5.3992599817249625,18.13523798699121,0.0007,-0.9864,0.0471,0.1576
70,1042747.0,800.752489,1.0,-3.21,0.17,-9.32,10.19,-22.56,36.38,3.06,-1.37,-6.06,-0.13914409402896874,0.02716373895361009,-0.051103347106170816,-161.00999937311443,5.215716631990905,18.228077382152183,0.0006,-0.9863,0.0455,0.1584
71,1042747.0,800.752489,1.0,-3.21,0.17,-9.32,10.19,-22.56,36.38,3.06,-1.37,-6.06,-0.13914409402896874,0.02716373895361009,-0.051103347106170816,-161.00999937311443,5.215716631990905,18.228077382152183,0.0006,-0.9863,0.0455,0.1584
72,1042782.0,800.787896,1.0,-2.78,-0.19,-9.68,10.19,-21.87,35.56,9.06,8.5,-4.44,0.3662560780217223,-0.22633415912483945,-0.2572224819885029,-161.28990608516978,5.078067932263361,17.984399539927896,0.0036,-0.9867,0.0443,0.1563
73,1042782.0,800.787896,1.0,-2.78,-0.19,-9.68,10.19,-21.87,35.56,9.06,8.5,-4.44,0.3662560780217223,-0.22633415912483945,-0.2572224819885029,-161.28990608516978,5.078067932263361,17.984399539927896,0.0036,-0.9867,0.0443,0.1563
74,1042817.0,800.83588,1.0,-3.09,-0.28,-9.15,10.19,-21.87,37.25,-0.06,-2.31,0.44,-0.07531667443115643,-0.3401663450678024,0.15120520153339356,-161.21954183361512,5.078067932263361,18.03080801097451,0.0043,-0.9866,0.0443,0.1567
75,1042817.0,800.83588,1.0,-3.09,-0.28,-9.15,10.19,-21.87,37.25,-0.06,-2.31,0.44,-0.07531667443115643,-0.3401663450678024,0.15120520153339356,-161.21954183361512,5.078067932263361,18.03080801097451,0.0043,-0.9866,0.0443,0.1567
76,1042853.0,800.8738480000001,1.0,-2.62,-0.07,-9.65,10.19,-21.5,36.88,2.44,1.0,3.69,0.4996536008206085,-0.07622992507099956,-0.1801580625248178,-161.21954183361512,5.215716631990905,17.996001378555594,0.0046,-0.9866,0.0455,0.1564
77,1042853.0,800.8738480000001,1.0,-2.62,-0.07,-9.65,10.19,-21.5,36.88,2.44,1.0,3.69,0.4996536008206085,-0.07622992507099956,-0.1801580625248178,-161.21954183361512,5.215716631990905,17.996001378555594,0.0046,-0.9866,0.0455,0.1564
78,1042888.0,800.903913,1.0,-2.72,-0.33,-9.64,10.19,-21.5,36.88,5.19,-0.56,8.63,0.4264118963050931,-0.3361751836874763,-0.20045043621838946,-161.21954183361512,5.410731896463338,17.996001378555594,0.0052,-0.9866,0.0472,0.1564
79,1042888.0,800.903913,1.0,-2.72,-0.33,-9.64,10.19,-21.5,36.88,5.19,-0.56,8.63,0.4264118963050931,-0.3361751836874763,-0.20045043621838946,-161.21954183361512,5.410731896463338,17.996001378555594,0.0052,-0.9866,0.0472,0.1564
80,1042925.0,800.940664,1.0,-2.62,-0.52,-9.55,9.75,-21.87,36.06,6.25,-0.56,18.56,0.4980456595942919,-0.5066215147247383,-0.08438559602215356,-161.14943788464137,5.904077101832591,17.891591511712036,0.0063,-0.9865,0.0515,0.1555
81,1042925.0,800.940664,1.0,-2.62,-0.52,-9.55,9.75,-21.87,36.06,6.25,-0.56,18.56,0.4980456595942919,-0.5066215147247383,-0.08438559602215356,-161.14943788464137,5.904077101832591,17.891591511712036,0.0063,-0.9865,0.0515,0.1555
82,1042958.0,800.954199,1.0,-2.65,-0.62,-9.27,9.38,-22.19,36.5,4.19,4.75,24.19,0.3907136403132929,-0.6223860704118741,0.17338583718216505,-161.00999937311443,6.546738821065048,17.82199325799314,0.0067,-0.9863,0.0571,0.1549
83,1042958.0,800.954199,1.0,-2.65,-0.62,-9.27,9.38,-22.19,36.5,4.19,4.75,24.19,0.3907136403132929,-0.6223860704118741,0.17338583718216505,-161.00999937311443,6.546738821065048,17.82199325799314,0.0067,-0.9863,0.0571,0.1549
84,1042993.0,800.9987070000001,1.0,-2.81,0.16,-10.08,9.38,-22.19,36.5,-10.06,5.5,33.25,0.36110558484646416,0.07650807257751124,-0.6524058499045768,-160.73412214644492,7.798243752767076,17.601642377536205,0.0041,-0.9859,0.068,0.153
85,1042993.0,800.9987070000001,1.0,-2.81,0.16,-10.08,9.38,-22.19,36.5,-10.06,5.5,33.25,0.36110558484646416,0.07650807257751124,-0.6524058499045768,-160.73412214644492,7.798243752767076,17.601642377536205,0.0041,-0.9859,0.068,0.153
86,1043027.0,801.037702,1.0,-3.25,0.74,-9.36,9.0,-22.56,36.5,-10.63,-14.88,37.19,-0.30552899847941273,0.4789224634270293,-0.11287545765739715,-160.06096636558732,8.855279263547427,17.868391355752113,0.0009,-0.9849,0.0772,0.1553
87,1043027.0,801.037702,1.0,-3.25,0.74,-9.36,9.0,-22.56,36.5,-10.63,-14.88,37.19,-0.30552899847941273,0.4789224634270293,-0.11287545765739715,-160.06096636558732,8.855279263547427,17.868391355752113,0.0009,-0.9849,0.0772,0.1553
88,1043064.0,801.075733,1.0,-3.51,0.07,-8.74,9.38,-22.56,36.5,-3.0,-2.13,29.31,-0.5623486556233659,-0.3372745229828149,0.41076739719651023,-159.21811781644797,9.855560741569812,18.251289114029838,-0.0028,-0.9836,0.0859,0.1586
89,1043064.0,801.075733,1.0,-3.51,0.07,-8.74,9.38,-22.56,36.5,-3.0,-2.13,29.31,-0.5623486556233659,-0.3372745229828149,0.41076739719651023,-159.21811781644797,9.855560741569812,18.251289114029838,-0.0028,-0.9836,0.0859,0.1586
90,1043099.0,801.134771,1.0,-3.21,0.99,-9.31,9.38,-22.56,36.5,-28.56,-3.88,22.25,-0.22815509502130205,0.483876352520156,-0.07637124494770298,-158.77799072087697,10.453784866884499,18.37896716762953,-0.0096,-0.9829,0.0911,0.1597
91,1043099.0,801.134771,1.0,-3.21,0.99,-9.31,9.38,-22.56,36.5,-28.56,-3.88,22.25,-0.22815509502130205,0.483876352520156,-0.07637124494770298,-158.77799072087697,10.453784866884499,18.37896716762953,-0.0096,-0.9829,0.0911,0.1597
92,1043134.0,801.148407,1.0,-1.89,0.82,-10.55,8.69,-23.0,37.25,2.38,-27.0,25.19,1.508121931770454,0.5183666083426265,-0.8236775724818752,-157.92374967519896,11.31711591010567,18.843446306043923,-0.0122,-0.9815,0.0986,0.1637
93,1043134.0,801.148407,1.0,-1.89,0.82,-10.55,8.69,-23.0,37.25,2.38,-27.0,25.19,1.508121931770454,0.5183666083426265,-0.8236775724818752,-157.92374967519896,11.31711591010567,18.843446306043923,-0.0122,-0.9815,0.0986,0.1637
94,1043169.0,801.179257,1.0,-3.86,0.22,-8.64,8.25,-23.37,36.5,-2.25,-11.38,18.06,-0.7183344093479653,-0.5077079060365932,0.3820105714332662,-157.10097394877238,11.904546342091734,19.43611171140661,-0.0132,-0.9801,0.1037,0.1688
95,1043169.0,801.179257,1.0,-3.86,0.22,-8.64,8.25,-23.37,36.5,-2.25,-11.38,18.06,-0.7183344093479653,-0.5077079060365932,0.3820105714332662,-157.10097394877238,11.904546342091734,19.43611171140661,-0.0132,-0.9801,0.1037,0.1688
96,1043206.0,801.227455,1.0,-3.09,0.84,-9.18,8.25,-23.37,36.88,-26.31,15.06,13.38,0.02043658511050284,0.11879146406618092,0.0849438259761186,-157.04331809093284,12.296340166976414,19.192010366536685,-0.02,-0.98,0.1071,0.1667
97,1043206.0,801.227455,1.0,-3.09,0.84,-9.18,8.25,-23.37,36.88,-26.31,15.06,13.38,0.02043658511050284,0.11879146406618092,0.0849438259761186,-157.04331809093284,12.296340166976414,19.192010366536685,-0.02,-0.98,0.1071,0.1667
98,1043240.0,801.276462,1.0,-2.13,0.47,-10.33,8.25,-23.37,36.88,1.44,-3.88,26.19,1.3749442660564908,-0.1422538629750511,-0.6602498325056647,-156.5307030363511,13.045763563399612,19.203632237851558,-0.0247,-0.9791,0.1136,0.1668
99,1043240.0,801.276462,1.0,-2.13,0.47,-10.33,8.25,-23.37,36.88,1.44,-3.88,26.19,1.3749442660564908,-0.1422538629750511,-0.6602498325056647,-156.5307030363511,13.045763563399612,19.203632237851558,-0.0247,-0.9791,0.1136,0.1668
100,1043277.0,801.284445,1.0,-3.43,1.25,-9.25,8.25,-24.06,36.06,-5.44,-6.38,14.19,-0.2704303012365825,0.2596352350510033,-0.13062110412577432,-155.91878451766874,13.507223821905177,19.61052428537218,-0.0278,-0.978,0.1176,0.1703
101,1043277.0,801.284445,1.0,-3.43,1.25,-9.25,8.25,-24.06,36.06,-5.44,-6.38,14.19,-0.2704303012365825,0.2596352350510033,-0.13062110412577432,-155.91878451766874,13.507223821905177,19.61052428537218,-0.0278,-0.978,0.1176,0.1703
102,1043312.0,801.328038,1.0,-3.14,0.53,-9.32,6.38,-24.5,36.5,-6.44,5.06,8.19,0.1699738614263162,-0.4330137926269948,-0.031363414395542584,-155.6456486519571,13.957359493385505,19.517498563105914,-0.0303,-0.9775,0.1215,0.1695
103,1043312.0,801.328038,1.0,-3.14,0.53,-9.32,6.38,-24.5,36.5,-6.44,5.06,8.19,0.1699738614263162,-0.4330137926269948,-0.031363414395542584,-155.6456486519571,13.957359493385505,19.517498563105914,-0.0303,-0.9775,0.1215,0.1695
104,1043347.0,801.3544730000001,1.0,-2.86,1.01,-9.76,6.38,-24.5,36.5,-8.5,-13.38,18.69,0.5020949103230452,0.035368862720121214,-0.401383588531024,-155.214797761141,14.373061379793723,19.691932497848974,-0.0329,-0.9767,0.1251,0.171
105,1043347.0,801.3544730000001,1.0,-2.86,1.01,-9.76,6.38,-24.5,36.5,-8.5,-13.38,18.69,0.5020949103230452,0.035368862720121214,-0.401383588531024,-155.214797761141,14.373061379793723,19.691932497848974,-0.0329,-0.9767,0.1251,0.171
106,1043382.0,801.385257,1.0,-3.71,1.08,-8.57,7.06,-24.87,34.38,-4.5,-15.75,14.06,-0.5766508856168615,-0.16007610379165532,0.42489912944752106,-154.3228637180319,14.84673166768115,20.366848065448238,-0.0365,-0.975,0.1292,0.1768
107,1043382.0,801.385257,1.0,-3.71,1.08,-8.57,7.06,-24.87,34.38,-4.5,-15.75,14.06,-0.5766508856168615,-0.16007610379165532,0.42489912944752106,-154.3228637180319,14.84673166768115,20.366848065448238,-0.0365,-0.975,0.1292,0.1768
108,1043417.0,801.4311150000001,1.0,-3.55,1.13,-9.09,7.5,-25.19,34.38,-17.37,8.44,13.25,-0.26589925761754474,-0.16570501735060209,-0.01217576645615459,-154.21992611229572,15.089441590206313,20.27371434520358,-0.0403,-0.9748,0.1313,0.17600000000000002
109,1043417.0,801.4311150000001,1.0,-3.55,1.13,-9.09,7.5,-25.19,34.38,-17.37,8.44,13.25,-0.26589925761754474,-0.16570501735060209,-0.01217576645615459,-154.21992611229572,15.089441590206313,20.27371434520358,-0.0403,-0.9748,0.1313,0.17600000000000002
110,1043453.0,801.446301,1.0,-2.22,2.19,-10.48,7.19,-26.0,35.25,-18.75,4.5,11.69,1.1616354226515009,1.0099015707478909,-1.018579880341674,-153.96433257658236,15.424724640986323,20.134039115213792,-0.0473,-0.9743,0.1342,0.1748
111,1043453.0,801.446301,1.0,-2.22,2.19,-10.48,7.19,-26.0,35.25,-18.75,4.5,11.69,1.1616354226515009,1.0099015707478909,-1.018579880341674,-153.96433257658236,15.424724640986323,20.134039115213792,-0.0473,-0.9743,0.1342,0.1748
112,1043488.0,801.484445,1.0,-3.71,0.94,-8.69,7.19,-26.0,35.25,8.25,-8.5,9.56,-0.4571496377806161,-0.5360939978712375,0.33736188345589113,-153.5103719816942,15.690733139619653,20.436707276203283,-0.0478,-0.9734,0.1365,0.1774
113,1043488.0,801.484445,1.0,-3.71,0.94,-8.69,7.19,-26.0,35.25,8.25,-8.5,9.56,-0.4571496377806161,-0.5360939978712375,0.33736188345589113,-153.5103719816942,15.690733139619653,20.436707276203283,-0.0478,-0.9734,0.1365,0.1774
114,1043525.0,801.5279320000001,1.0,-3.3,1.19,-8.74,6.38,-26.69,34.0,-17.44,7.19,1.06,-0.1357529133120834,-0.2346218806775068,0.392818488886439,-153.4604028099656,15.841123321226055,20.378490735265764,-0.0503,-0.9733,0.1378,0.1769
115,1043525.0,801.5279320000001,1.0,-3.3,1.19,-8.74,6.38,-26.69,34.0,-17.44,7.19,1.06,-0.1357529133120834,-0.2346218806775068,0.392818488886439,-153.4604028099656,15.841123321226055,20.378490735265764,-0.0503,-0.9733,0.1378,0.1769
116,1043560.0,801.5717639999999,1.0,-2.91,1.87,-9.5,6.38,-26.69,34.0,-5.31,-4.06,10.19,0.31842376864094524,0.4120372552181887,-0.2900738054666405,-153.3110465719337,15.898972996932855,20.320279509683687,-0.0541,-0.973,0.1383,0.1764
117,1043560.0,801.5717639999999,1.0,-2.91,1.87,-9.5,6.38,-26.69,34.0,-5.31,-4.06,10.19,0.31842376864094524,0.4120372552181887,-0.2900738054666405,-153.3110465719337,15.898972996932855,20.320279509683687,-0.0541,-0.973,0.1383,0.1764
118,1043595.0,801.6071139999999,1.0,-4.14,1.8,-8.36,6.38,-26.69,34.0,1.5,-1.37,5.31,-1.1178509365012943,0.031660011389617236,0.3716827542994654,-152.81901206638815,16.223006993376618,20.69292362085707,-0.0549,-0.972,0.1411,0.1796
119,1043595.0,801.6071139999999,1.0,-4.14,1.8,-8.36,6.38,-26.69,34.0,1.5,-1.37,5.31,-1.1178509365012943,0.031660011389617236,0.3716827542994654,-152.81901206638815,16.223006993376618,20.69292362085707,-0.0549,-0.972,0.1411,0.1796
120,1043630.0,801.635276,1.0,-3.03,1.27,-9.77,7.5,-26.75,34.75,-6.81,16.69,3.69,0.470129558070341,-0.2773061710262419,-0.4864923523693374,-153.06392657993817,16.13041264048083,20.343563363128432,-0.0571,-0.9725,0.1403,0.1766
121,1043630.0,801.635276,1.0,-3.03,1.27,-9.77,7.5,-26.75,34.75,-6.81,16.69,3.69,0.470129558070341,-0.2773061710262419,-0.4864923523693374,-153.06392657993817,16.13041264048083,20.343563363128432,-0.0571,-0.9725,0.1403,0.1766
122,1043666.0,801.6753620000001,1.0,-2.1,2.1,-10.84,7.19,-27.5,33.56,0.0,-24.06,17.19,1.5063036151709686,0.6835846208730537,-1.3104252217041663,-152.67309729035,16.51243337847321,20.48328434708745,-0.0588,-0.9717,0.1436,0.1778
123,1043666.0,801.6753620000001,1.0,-2.1,2.1,-10.84,7.19,-27.5,33.56,0.0,-24.06,17.19,1.5063036151709686,0.6835846208730537,-1.3104252217041663,-152.67309729035,16.51243337847321,20.48328434708745,-0.0588,-0.9717,0.1436,0.1778
124,1043699.0,801.730064,1.0,-4.38,1.78,-7.32,7.19,-27.5,33.56,-5.31,-16.31,4.5,-1.6411447570260866,-0.07780279053207301,1.2488587772444912,-152.00202441389632,16.871469682269606,21.100756747738608,-0.0579,-0.9703,0.1467,0.1831
125,1043699.0,801.730064,1.0,-4.38,1.78,-7.32,7.19,-27.5,33.56,-5.31,-16.31,4.5,-1.6411447570260866,-0.07780279053207301,1.2488587772444912,-152.00202441389632,16.871469682269606,21.100756747738608,-0.0579,-0.9703,0.1467,0.1831
126,1043734.0,801.739768,1.0,-3.54,2.24,-8.77,6.38,-26.69,34.0,-26.31,33.94,-16.75,-0.5506618563870391,0.41824430586980776,0.11211838570692834,-152.67309729035,16.2808838756779,20.471639758994087,-0.0645,-0.9717,0.1416,0.1777
127,1043734.0,801.739768,1.0,-3.54,2.24,-8.77,6.38,-26.69,34.0,-26.31,33.94,-16.75,-0.5506618563870391,0.41824430586980776,0.11211838570692834,-152.67309729035,16.2808838756779,20.471639758994087,-0.0645,-0.9717,0.1416,0.1777
128,1043769.0,801.778903,1.0,-2.53,1.15,-9.69,6.0,-26.69,33.88,7.75,-9.0,11.13,0.866300969089687,-0.35162455383896873,-0.2305499483965576,-153.06392657993817,16.396650200988272,19.947852442498814,-0.062,-0.9725,0.1426,0.1732
129,1043769.0,801.778903,1.0,-2.53,1.15,-9.69,6.0,-26.69,33.88,7.75,-9.0,11.13,0.866300969089687,-0.35162455383896873,-0.2305499483965576,-153.06392657993817,16.396650200988272,19.947852442498814,-0.062,-0.9725,0.1426,0.1732
130,1043806.0,801.819426,1.0,-3.88,2.48,-8.7,6.75,-28.19,34.0,-2.31,-10.31,1.75,-0.9125279444721436,0.5649194662905195,0.0218169024370436,-152.3835367338065,16.5471716366683,20.69292362085707,-0.0633,-0.9711,0.1439,0.1796
131,1043806.0,801.819426,1.0,-3.88,2.48,-8.7,6.75,-28.19,34.0,-2.31,-10.31,1.75,-0.9125279444721436,0.5649194662905195,0.0218169024370436,-152.3835367338065,16.5471716366683,20.69292362085707,-0.0633,-0.9711,0.1439,0.1796
132,1043841.0,801.849531,1.0,-3.14,1.61,-9.2,6.75,-28.19,34.0,2.56,10.63,-14.56,0.10588618243481808,-0.040413102486876906,-0.04621023941864166,-152.8678214061549,16.17670848781425,20.4134200209308,-0.0618,-0.9721,0.1407,0.1772
133,1043841.0,801.849531,1.0,-3.14,1.61,-9.2,6.75,-28.19,34.0,2.56,10.63,-14.56,0.10588618243481808,-0.040413102486876906,-0.04621023941864166,-152.8678214061549,16.17670848781425,20.4134200209308,-0.0618,-0.9721,0.1407,0.1772
134,1043877.0,801.886408,1.0,-3.27,1.69,-9.03,6.38,-27.5,35.25,-0.88,-1.56,-0.63,-0.12592469223194636,0.03821987233072519,0.056132977131660766,-153.06392657993817,16.10726571114575,20.23879269230359,-0.0602,-0.9725,0.1401,0.1757
135,1043877.0,801.886408,1.0,-3.27,1.69,-9.03,6.38,-27.5,35.25,-0.88,-1.56,-0.63,-0.12592469223194636,0.03821987233072519,0.056132977131660766,-153.06392657993817,16.10726571114575,20.23879269230359,-0.0602,-0.9725,0.1401,0.1757
136,1043912.0,801.926951,1.0,-3.5,3.23,-9.1,6.38,-26.37,34.38,-7.19,3.94,-10.38,-0.6747269092647419,1.4066652898639682,-0.3451447359176818,-153.2614432071201,15.713868313956251,20.23879269230359,-0.0625,-0.9729,0.1367,0.1757
137,1043912.0,801.926951,1.0,-3.5,3.23,-9.1,6.38,-26.37,34.38,-7.19,3.94,-10.38,-0.6747269092647419,1.4066652898639682,-0.3451447359176818,-153.2614432071201,15.713868313956251,20.23879269230359,-0.0625,-0.9729,0.1367,0.1757
138,1043947.0,801.9541,1.0,-2.8,0.73,-8.9,6.38,-26.37,34.38,30.94,14.63,-20.81,0.4149867695484233,-0.660507717741753,0.4806425189873771,-154.0662728728033,15.147239662385427,19.854779083760317,-0.0571,-0.9745,0.1318,0.1724
139,1043947.0,801.9541,1.0,-2.8,0.73,-8.9,6.38,-26.37,34.38,30.94,14.63,-20.81,0.4149867695484233,-0.660507717741753,0.4806425189873771,-154.0662728728033,15.147239662385427,19.854779083760317,-0.0571,-0.9745,0.1318,0.1724
140,1043982.0,801.993627,1.0,-3.68,1.06,-9.04,6.75,-26.69,34.0,7.94,9.25,-12.94,-0.5030496728824858,-0.5050648173323995,0.014844724316366962,-154.89643727544527,14.54632631618216,19.389609385924846,-0.053,-0.9761,0.1266,0.1684
141,1043982.0,801.993627,1.0,-3.68,1.06,-9.04,6.75,-26.69,34.0,7.94,9.25,-12.94,-0.5030496728824858,-0.5050648173323995,0.014844724316366962,-154.89643727544527,14.54632631618216,19.389609385924846,-0.053,-0.9761,0.1266,0.1684
142,1044017.0,802.03372,1.0,-3.04,4.22,-9.65,6.75,-26.0,34.38,-11.06,21.31,-33.69,-0.4475897016007873,2.633394242102684,-0.8252547317346366,-155.5372354443148,13.79574779269871,19.05256341690962,-0.0558,-0.9773,0.1201,0.1655
143,1044017.0,802.03372,1.0,-3.04,4.22,-9.65,6.75,-26.0,34.38,-11.06,21.31,-33.69,-0.4475897016007873,2.633394242102684,-0.8252547317346366,-155.5372354443148,13.79574779269871,19.05256341690962,-0.0558,-0.9773,0.1201,0.1655
144,1044054.0,802.075782,1.0,-1.97,-1.68,-10.2,6.75,-26.0,34.38,84.19,29.25,-28.81,1.7250272394899118,-2.4873232002909478,-0.2720802930633166,-157.50864759230302,12.803582439206053,17.92639313237552,-0.0377,-0.9808,0.1115,0.1558
145,1044054.0,802.075782,1.0,-1.97,-1.68,-10.2,6.75,-26.0,34.38,84.19,29.25,-28.81,1.7250272394899118,-2.4873232002909478,-0.2720802930633166,-157.50864759230302,12.803582439206053,17.92639313237552,-0.0377,-0.9808,0.1115,0.1558
146,1044088.0,802.085337,1.0,-3.42,1.5,-9.13,6.75,-26.0,34.38,-16.81,6.06,-18.87,-0.6206502568500085,0.3189934078294734,-0.03287928063296164,-157.863978815261,12.181091916848366,17.833592505981915,-0.0385,-0.9814,0.1061,0.155
147,1044088.0,802.085337,1.0,-3.42,1.5,-9.13,6.75,-26.0,34.38,-16.81,6.06,-18.87,-0.6206502568500085,0.3189934078294734,-0.03287928063296164,-157.863978815261,12.181091916848366,17.833592505981915,-0.0385,-0.9814,0.1061,0.155
148,1044125.0,802.147389,1.0,-2.97,2.29,-9.84,6.38,-25.19,34.38,14.75,15.75,-28.12,-0.20481119208645104,1.1622543291323923,-0.6574704718795719,-158.840311807755,11.155913338134189,17.300215695418142,-0.0394,-0.983,0.0972,0.1504
149,1044125.0,802.147389,1.0,-2.97,2.29,-9.84,6.38,-25.19,34.38,14.75,15.75,-28.12,-0.20481119208645104,1.1622543291323923,-0.6574704718795719,-158.840311807755,11.155913338134189,17.300215695418142,-0.0394,-0.983,0.0972,0.1504
150,1044160.0,802.181841,1.0,-2.2,-1.14,-9.99,6.69,-26.25,34.38,47.0,6.0,-8.38,1.0900492351905453,-1.833624689963668,-0.2625760457900199,-159.53822461146382,10.8450849117299,16.9525653616307,-0.0288,-0.9841,0.0945,0.1474
151,1044160.0,802.181841,1.0,-2.2,-1.14,-9.99,6.69,-26.25,34.38,47.0,6.0,-8.38,1.0900492351905453,-1.833624689963668,-0.2625760457900199,-159.53822461146382,10.8450849117299,16.9525653616307,-0.0288,-0.9841,0.0945,0.1474
152,1044195.0,802.194598,1.0,-3.13,1.23,-9.08,6.69,-26.25,34.38,-8.63,13.0,-4.25,-0.4911746964439869,0.3403030551150299,0.14232688618325715,-159.73268910086296,10.706964767003905,16.83671699887327,-0.0287,-0.9844,0.0933,0.1464
153,1044195.0,802.194598,1.0,-3.13,1.23,-9.08,6.69,-26.25,34.38,-8.63,13.0,-4.25,-0.4911746964439869,0.3403030551150299,0.14232688618325715,-159.73268910086296,10.706964767003905,16.83671699887327,-0.0287,-0.9844,0.0933,0.1464
154,1044230.0,802.227665,1.0,-2.06,1.1,-10.22,6.25,-24.37,36.06,6.81,15.56,-16.44,0.7953675304863108,0.3842861551835077,-0.6394839567508122,-160.26052613773837,10.350226089325556,16.396650200988272,-0.0286,-0.9852,0.0902,0.1426
155,1044230.0,802.227665,1.0,-2.06,1.1,-10.22,6.25,-24.37,36.06,6.81,15.56,-16.44,0.7953675304863108,0.3842861551835077,-0.6394839567508122,-160.26052613773837,10.350226089325556,16.396650200988272,-0.0286,-0.9852,0.0902,0.1426
156,1044267.0,802.2764070000001,1.0,-3.14,-0.04,-9.07,5.88,-24.37,35.25,14.5,-13.13,-8.13,-0.36918002887962587,-0.7612700491444848,0.2457779676719873,-160.52975543717122,10.085614182042526,16.419805484293857,-0.0216,-0.9856,0.0879,0.1428
157,1044267.0,802.2764070000001,1.0,-3.14,-0.04,-9.07,5.88,-24.37,35.25,14.5,-13.13,-8.13,-0.36918002887962587,-0.7612700491444848,0.2457779676719873,-160.52975543717122,10.085614182042526,16.419805484293857,-0.0216,-0.9856,0.0879,0.1428
158,1044301.0,802.3319290000001,1.0,-3.31,0.99,-8.87,5.88,-24.37,35.25,-1.94,4.81,-9.94,-0.7472200788726429,0.2476239516023788,0.3201625292697319,-160.59764077497127,9.844059122531188,16.489275388774946,-0.0209,-0.9857,0.0858,0.1434
159,1044301.0,802.3319290000001,1.0,-3.31,0.99,-8.87,5.88,-24.37,35.25,-1.94,4.81,-9.94,-0.7472200788726429,0.2476239516023788,0.3201625292697319,-160.59764077497127,9.844059122531188,16.489275388774946,-0.0209,-0.9857,0.0858,0.1434
160,1044334.0,802.3454839999999,1.0,-1.9,0.48,-9.92,6.25,-23.56,36.5,19.31,27.06,-12.88,0.8332808882612847,0.007227884293227237,-0.2706706120946176,-161.57402592832648,9.326587364176332,15.737004132862339,-0.019,-0.9871,0.0813,0.1369
161,1044334.0,802.3454839999999,1.0,-1.9,0.48,-9.92,6.25,-23.56,36.5,19.31,27.06,-12.88,0.8332808882612847,0.007227884293227237,-0.2706706120946176,-161.57402592832648,9.326587364176332,15.737004132862339,-0.019,-0.9871,0.0813,0.1369
162,1044371.0,802.3841639999999,1.0,-3.15,1.07,-9.25,7.75,-23.25,34.75,-0.31,-12.56,1.12,-0.6502732987185569,0.4619334376837633,0.00901446196719391,-161.7899992062843,9.154139652218912,15.632898017228825,-0.0156,-0.9874,0.0798,0.136
163,1044371.0,802.3841639999999,1.0,-3.15,1.07,-9.25,7.75,-23.25,34.75,-0.31,-12.56,1.12,-0.6502732987185569,0.4619334376837633,0.00901446196719391,-161.7899992062843,9.154139652218912,15.632898017228825,-0.0156,-0.9874,0.0798,0.136
164,1044406.0,802.422655,1.0,-3.13,0.34,-8.75,6.25,-23.56,36.06,9.69,10.19,-8.75,-0.6485547834056762,-0.2377082331371121,0.5331462668460389,-161.86255690793462,8.947229783297066,15.679165793853409,-0.0153,-0.9875,0.078,0.1364
165,1044406.0,802.422655,1.0,-3.13,0.34,-8.75,6.25,-23.56,36.06,9.69,10.19,-8.75,-0.6485547834056762,-0.2377082331371121,0.5331462668460389,-161.86255690793462,8.947229783297066,15.679165793853409,-0.0153,-0.9875,0.078,0.1364
166,1044441.0,802.45691,1.0,-0.9,-0.7,-10.89,6.25,-23.56,36.06,11.25,19.25,-4.25,2.077249521108425,-0.8842917515169195,-0.9076004415966494,-162.52901727888843,8.774827247055486,15.008530771963965,-0.0126,-0.9884,0.0765,0.1306
167,1044441.0,802.45691,1.0,-0.9,-0.7,-10.89,6.25,-23.56,36.06,11.25,19.25,-4.25,2.077249521108425,-0.8842917515169195,-0.9076004415966494,-162.52901727888843,8.774827247055486,15.008530771963965,-0.0126,-0.9884,0.0765,0.1306
168,1044477.0,802.490459,1.0,-2.9,0.68,-9.21,7.06,-23.25,36.06,-2.44,-13.88,4.31,-0.4068260571794624,0.15876018344163986,0.13681092360615388,-162.15571301144445,8.889760035755181,15.39003407585724,-0.0137,-0.9879,0.0775,0.1339
169,1044477.0,802.490459,1.0,-2.9,0.68,-9.21,7.06,-23.25,36.06,-2.44,-13.88,4.31,-0.4068260571794624,0.15876018344163986,0.13681092360615388,-162.15571301144445,8.889760035755181,15.39003407585724,-0.0137,-0.9879,0.0775,0.1339
170,1044514.0,802.547844,1.0,-2.63,0.44,-9.44,6.69,-23.25,37.25,-0.5,4.38,-7.63,-0.0583103030851424,-0.033437467029319934,-0.002508059912827321,-162.22975145954382,8.705871826379285,15.35534492966006,-0.0137,-0.988,0.0759,0.1336
171,1044514.0,802.547844,1.0,-2.63,0.44,-9.44,6.69,-23.25,37.25,-0.5,4.38,-7.63,-0.0583103030851424,-0.033437467029319934,-0.002508059912827321,-162.22975145954382,8.705871826379285,15.35534492966006,-0.0137,-0.988,0.0759,0.1336
172,1044547.0,802.5543150000001,1.0,-1.18,-0.53,-11.1,6.69,-23.25,37.25,14.19,0.25,8.88,1.8596987899380693,-0.7323203844929992,-1.1882818899736254,-162.45372607444324,8.76333445653462,15.124119969217904,-0.0114,-0.9883,0.0764,0.1316
173,1044547.0,802.5543150000001,1.0,-1.18,-0.53,-11.1,6.69,-23.25,37.25,14.19,0.25,8.88,1.8596987899380693,-0.7323203844929992,-1.1882818899736254,-162.45372607444324,8.76333445653462,15.124119969217904,-0.0114,-0.9883,0.0764,0.1316
174,1044582.0,802.594021,1.0,-3.71,0.83,-9.2,5.88,-22.06,37.25,-2.75,-36.44,15.94,-1.0548339546927448,0.21901510491846068,-0.08942789540103037,-161.07959134463854,9.499056247386587,16.29245975343786,-0.0109,-0.9864,0.0828,0.1417
175,1044582.0,802.594021,1.0,-3.71,0.83,-9.2,5.88,-22.06,37.25,-2.75,-36.44,15.94,-1.0548339546927448,0.21901510491846068,-0.08942789540103037,-161.07959134463854,9.499056247386587,16.29245975343786,-0.0109,-0.9864,0.0828,0.1417
176,1044619.0,802.6362320000001,1.0,-2.81,0.72,-9.59,6.69,-22.87,35.69,-7.94,3.13,-1.88,-0.035386689367987056,0.23565881172825046,-0.2096273876660586,-160.8715680310398,9.53355259965066,16.51243337847321,-0.0123,-0.9861,0.0831,0.1436
177,1044619.0,802.6362320000001,1.0,-2.81,0.72,-9.59,6.69,-22.87,35.69,-7.94,3.13,-1.88,-0.035386689367987056,0.23565881172825046,-0.2096273876660586,-160.8715680310398,9.53355259965066,16.51243337847321,-0.0123,-0.9861,0.0831,0.1436
178,1044654.0,802.6551599999999,1.0,-1.4,-0.73,-10.46,6.25,-23.56,36.38,9.38,-4.81,12.75,1.7795893535768783,-0.9380233511539404,-0.5788049214430551,-160.66576217664587,9.844059122531188,16.50085429879803,-0.0114,-0.9858,0.0858,0.1435
179,1044654.0,802.6551599999999,1.0,-1.4,-0.73,-10.46,6.25,-23.56,36.38,9.38,-4.81,12.75,1.7795893535768783,-0.9380233511539404,-0.5788049214430551,-160.66576217664587,9.844059122531188,16.50085429879803,-0.0114,-0.9858,0.0858,0.1435
180,1044688.0,802.695033,1.0,-3.44,1.57,-8.53,6.25,-23.56,36.38,-12.56,-2.06,6.38,-1.024884608087226,0.9080133770206972,0.5771037897436493,-160.26052613773837,10.05110359058591,16.813549410004512,-0.0147,-0.9852,0.0876,0.1462
181,1044688.0,802.695033,1.0,-3.44,1.57,-8.53,6.25,-23.56,36.38,-12.56,-2.06,6.38,-1.024884608087226,0.9080133770206972,0.5771037897436493,-160.26052613773837,10.05110359058591,16.813549410004512,-0.0147,-0.9852,0.0876,0.1462
182,1044725.0,802.732001,1.0,-2.92,0.93,-8.78,7.06,-22.06,36.38,-3.19,24.37,-9.38,-0.4496246938700013,0.3425929407842168,0.5243998573036119,-160.8715680310398,9.821056182581472,16.19985740781584,-0.0161,-0.9861,0.0856,0.1409
183,1044725.0,802.732001,1.0,-2.92,0.93,-8.78,7.06,-22.06,36.38,-3.19,24.37,-9.38,-0.4496246938700013,0.3425929407842168,0.5243998573036119,-160.8715680310398,9.821056182581472,16.19985740781584,-0.0161,-0.9861,0.0856,0.1409
184,1044760.0,802.777122,1.0,-1.56,-1.31,-10.39,7.06,-22.87,36.5,-8.31,2.25,12.75,1.5728063934599588,-1.6345780821552294,-0.5353147331650305,-161.21954183361512,10.005090889774307,15.713868313956251,-0.0155,-0.9866,0.0872,0.1367
185,1044760.0,802.777122,1.0,-1.56,-1.31,-10.39,7.06,-22.87,36.5,-8.31,2.25,12.75,1.5728063934599588,-1.6345780821552294,-0.5353147331650305,-161.21954183361512,10.005090889774307,15.713868313956251,-0.0155,-0.9866,0.0872,0.1367
186,1044795.0,802.803602,1.0,-3.28,1.59,-8.8,7.06,-22.87,36.5,-9.56,19.87,2.44,-0.9773563059157586,0.7609487443673633,0.3624861058412153,-161.14943788464137,10.14313387414705,15.621331474060085,-0.0242,-0.9865,0.0884,0.1359
187,1044795.0,802.803602,1.0,-3.28,1.59,-8.8,7.06,-22.87,36.5,-9.56,19.87,2.44,-0.9773563059157586,0.7609487443673633,0.3624861058412153,-161.14943788464137,10.14313387414705,15.621331474060085,-0.0242,-0.9865,0.0884,0.1359
188,1044830.0,802.83903,1.0,-1.65,0.2,-8.87,6.25,-23.56,35.69,-10.06,52.94,1.19,0.6476707033481499,-0.3934675240590685,0.8141472356114718,-162.0085427715158,10.05110359058591,14.488567642103208,-0.0279,-0.9877,0.0876,0.1261
189,1044830.0,802.83903,1.0,-1.65,0.2,-8.87,6.25,-23.56,35.69,-10.06,52.94,1.19,0.6476707033481499,-0.3934675240590685,0.8141472356114718,-162.0085427715158,10.05110359058591,14.488567642103208,-0.0279,-0.9877,0.0876,0.1261
190,1044867.0,802.878058,1.0,-1.5,0.46,-10.86,6.25,-24.37,36.88,-48.63,-3.06,17.19,1.0926837766337905,-0.4061942573581139,-1.103998394553395,-162.30409717935632,10.51132121524803,13.541842119876778,-0.0376,-0.9881,0.0916,0.1179
191,1044867.0,802.878058,1.0,-1.5,0.46,-10.86,6.25,-24.37,36.88,-48.63,-3.06,17.19,1.0926837766337905,-0.4061942573581139,-1.103998394553395,-162.30409717935632,10.51132121524803,13.541842119876778,-0.0376,-0.9881,0.0916,0.1179
192,1044901.0,802.930881,1.0,-2.27,1.63,-9.25,6.25,-24.37,36.88,-9.5,26.44,9.88,-0.29427346207347305,0.5583178677425101,0.16434818518011873,-162.22975145954382,10.776022876638457,13.114968872872085,-0.0433,-0.988,0.0939,0.1142
193,1044901.0,802.930881,1.0,-2.27,1.63,-9.25,6.25,-24.37,36.88,-9.5,26.44,9.88,-0.29427346207347305,0.5583178677425101,0.16434818518011873,-162.22975145954382,10.776022876638457,13.114968872872085,-0.0433,-0.988,0.0939,0.1142
194,1044936.0,802.9431860000001,1.0,-1.56,0.44,-9.5,4.75,-24.37,36.06,-31.62,57.38,12.0,0.3706882637366672,-0.6921715792623905,0.20140722763920493,-163.06535294380294,10.902639624835572,11.328631235557035,-0.0527,-0.9891,0.095,0.0987
195,1044936.0,802.9431860000001,1.0,-1.56,0.44,-9.5,4.75,-24.37,36.06,-31.62,57.38,12.0,0.3706882637366672,-0.6921715792623905,0.20140722763920493,-163.06535294380294,10.902639624835572,11.328631235557035,-0.0527,-0.9891,0.095,0.0987
196,1044971.0,802.977342,1.0,-1.07,1.99,-10.32,2.88,-25.06,35.69,-6.19,20.25,12.13,0.5671577396230628,0.6719845621638343,-0.7211308130013396,-163.22171672296716,11.155913338134189,10.338720083250598,-0.0602,-0.9893,0.0972,0.0901
197,1044971.0,802.977342,1.0,-1.07,1.99,-10.32,2.88,-25.06,35.69,-6.19,20.25,12.13,0.5671577396230628,0.6719845621638343,-0.7211308130013396,-163.22171672296716,11.155913338134189,10.338720083250598,-0.0602,-0.9893,0.0972,0.0901
198,1045008.0,803.0353700000001,1.0,-1.94,1.76,-8.46,2.56,-26.56,35.25,-15.81,28.31,-0.75,-0.6866231615079766,0.4039609873179145,0.9863232399073816,-163.45901362866948,11.294085603048902,9.648546712798435,-0.0627,-0.9896,0.0984,0.0841
199,1045008.0,803.0353700000001,1.0,-1.94,1.76,-8.46,2.56,-26.56,35.25,-15.81,28.31,-0.75,-0.6866231615079766,0.4039609873179145,0.9863232399073816,-163.45901362866948,11.294085603048902,9.648546712798435,-0.0627,-0.9896,0.0984,0.0841
200,1045041.0,803.070027,1.0,-1.32,2.08,-9.28,2.56,-26.56,35.25,-26.75,86.19,-25.12,-0.388576439133114,0.5281119951394739,0.2276466034278695,-164.96066657615674,10.235170717586842,7.028869316139517,-0.0735,-0.9914,0.0892,0.0613
201,1045041.0,803.070027,1.0,-1.32,2.08,-9.28,2.56,-26.56,35.25,-26.75,86.19,-25.12,-0.388576439133114,0.5281119951394739,0.2276466034278695,-164.96066657615674,10.235170717586842,7.028869316139517,-0.0735,-0.9914,0.0892,0.0613
202,1045080.0,803.093912,1.0,-0.59,1.51,-10.62,1.06,-26.56,35.25,5.94,17.94,-7.69,0.3581628396383968,-0.11302778724571065,-0.9298086386579296,-165.86324083896642,9.717547848465047,5.686074397008276,-0.0745,-0.9924,0.0847,0.0496
203,1045080.0,803.093912,1.0,-0.59,1.51,-10.62,1.06,-26.56,35.25,5.94,17.94,-7.69,0.3581628396383968,-0.11302778724571065,-0.9298086386579296,-165.86324083896642,9.717547848465047,5.686074397008276,-0.0745,-0.9924,0.0847,0.0496
204,1045114.0,803.132569,1.0,-1.59,2.06,-9.04,-0.25,-27.37,34.38,-6.25,24.62,-11.94,-0.9965640610662104,0.4434060252261042,0.4630130652200286,-166.33674754112943,9.22311622194562,4.928956774809122,-0.076,-0.9929,0.0804,0.043
205,1045114.0,803.132569,1.0,-1.59,2.06,-9.04,-0.25,-27.37,34.38,-6.25,24.62,-11.94,-0.9965640610662104,0.4434060252261042,0.4630130652200286,-166.33674754112943,9.22311622194562,4.928956774809122,-0.076,-0.9929,0.0804,0.043
206,1045149.0,803.1477269999999,1.0,0.77,1.44,-10.56,-0.25,-27.37,34.38,-27.12,83.0,-27.25,1.254331809935328,-0.14930757098225556,-0.8039324043655416,-167.02852064224476,8.407101173980415,3.117274866889664,-0.0816,-0.9936,0.0733,0.0272
207,1045149.0,803.1477269999999,1.0,0.77,1.44,-10.56,-0.25,-27.37,34.38,-27.12,83.0,-27.25,1.254331809935328,-0.14930757098225556,-0.8039324043655416,-167.02852064224476,8.407101173980415,3.117274866889664,-0.0816,-0.9936,0.0733,0.0272
208,1045184.0,803.201318,1.0,0.58,1.28,-11.4,-0.06,-27.37,36.06,4.44,-9.5,2.81,1.0230184974168706,-0.4789468133096725,-1.6239599182836049,-167.23302195249303,8.22327089407658,2.4982938949536853,-0.0816,-0.9938,0.0717,0.0218
209,1045184.0,803.201318,1.0,0.58,1.28,-11.4,-0.06,-27.37,36.06,4.44,-9.5,2.81,1.0230184974168706,-0.4789468133096725,-1.6239599182836049,-167.23302195249303,8.22327089407658,2.4982938949536853,-0.0816,-0.9938,0.0717,0.0218
210,1045219.0,803.2347639999999,1.0,-0.71,1.55,-8.79,-1.5,-27.25,34.38,-2.75,-12.06,2.13,-0.3616952956661988,0.039252226792282935,0.8602353116578154,-167.13036680379562,8.430081473298436,2.9911793597011727,-0.0802,-0.9937,0.0735,0.0261
211,1045219.0,803.2347639999999,1.0,-0.71,1.55,-8.79,-1.5,-27.25,34.38,-2.75,-12.06,2.13,-0.3616952956661988,0.039252226792282935,0.8602353116578154,-167.13036680379562,8.430081473298436,2.9911793597011727,-0.0802,-0.9937,0.0735,0.0261
212,1045256.0,803.275478,1.0,-0.75,1.81,-8.92,-1.06,-26.87,34.25,-29.81,42.5,-10.38,-0.562547024127865,0.11269981613411782,0.6920551325860771,-166.92746455946425,8.039461810968866,2.0398374773549266,-0.0884,-0.9935,0.0701,0.0178
213,1045256.0,803.275478,1.0,-0.75,1.81,-8.92,-1.06,-26.87,34.25,-29.81,42.5,-10.38,-0.562547024127865,0.11269981613411782,0.6920551325860771,-166.92746455946425,8.039461810968866,2.0398374773549266,-0.0884,-0.9935,0.0701,0.0178
214,1045291.0,803.319504,1.0,0.34,2.1,-10.89,-1.06,-26.87,34.25,-7.81,-3.5,0.56,0.4957633663901664,0.1226366195383733,-1.2774322328280192,-166.72765058183754,7.890132207309978,1.6043342375287626,-0.092,-0.9933,0.0688,0.013999999999999999
215,1045291.0,803.319504,1.0,0.34,2.1,-10.89,-1.06,-26.87,34.25,-7.81,-3.5,0.56,0.4957633663901664,0.1226366195383733,-1.2774322328280192,-166.72765058183754,7.890132207309978,1.6043342375287626,-0.092,-0.9933,0.0688,0.013999999999999999
216,1045327.0,803.348008,1.0,-0.45,2.12,-9.87,-2.19,-27.25,33.5,13.0,-5.81,-3.81,-0.2688110073292871,0.27092486868284965,-0.29127752785777083,-166.82718037176227,7.936078336486531,1.9825328715837252,-0.0895,-0.9934,0.0692,0.0173
217,1045327.0,803.348008,1.0,-0.45,2.12,-9.87,-2.19,-27.25,33.5,13.0,-5.81,-3.81,-0.2688110073292871,0.27092486868284965,-0.29127752785777083,-166.82718037176227,7.936078336486531,1.9825328715837252,-0.0895,-0.9934,0.0692,0.0173
218,1045362.0,803.3730410000001,1.0,-0.14,1.51,-9.28,-3.0,-27.25,34.25,-2.56,17.81,-5.13,0.04696956917590829,-0.16039441153459394,0.4050454830933319,-167.02852064224476,7.867159619602528,1.707477412974553,-0.0885,-0.9936,0.0686,0.0149
219,1045362.0,803.3730410000001,1.0,-0.14,1.51,-9.28,-3.0,-27.25,34.25,-2.56,17.81,-5.13,0.04696956917590829,-0.16039441153459394,0.4050454830933319,-167.02852064224476,7.867159619602528,1.707477412974553,-0.0885,-0.9936,0.0686,0.0149
220,1045397.0,803.419654,1.0,0.41,2.56,-10.71,-3.0,-27.25,34.25,6.69,-4.81,1.19,0.4599901394665997,0.6134221144296412,-1.1859803668013065,-166.92746455946425,7.694875241065197,1.3865917007687605,-0.0918,-0.9935,0.0671,0.0121
221,1045397.0,803.419654,1.0,0.41,2.56,-10.71,-3.0,-27.25,34.25,6.69,-4.81,1.19,0.4599901394665997,0.6134221144296412,-1.1859803668013065,-166.92746455946425,7.694875241065197,1.3865917007687605,-0.0918,-0.9935,0.0671,0.0121
222,1045432.0,803.457403,1.0,-0.84,1.61,-9.24,-1.5,-27.69,34.0,17.87,-10.13,-0.75,-0.659438468954336,-0.09614640777443773,0.4135037340284509,-167.44083871780597,7.717845476549469,1.7303983035632713,-0.0856,-0.9940000000000001,0.0673,0.0151
223,1045432.0,803.457403,1.0,-0.84,1.61,-9.24,-1.5,-27.69,34.0,17.87,-10.13,-0.75,-0.659438468954336,-0.09614640777443773,0.4135037340284509,-167.44083871780597,7.717845476549469,1.7303983035632713,-0.0856,-0.9940000000000001,0.0673,0.0151
224,1045469.0,803.477751,1.0,0.22,1.42,-10.0,-2.19,-28.0,34.25,-28.37,20.31,-0.37,0.3702516909939801,-0.3251036159494114,-0.2840398339118906,-167.23302195249303,7.717845476549469,1.2719924264668117,-0.0883,-0.9938,0.0673,0.0111
225,1045469.0,803.477751,1.0,0.22,1.42,-10.0,-2.19,-28.0,34.25,-28.37,20.31,-0.37,0.3702516909939801,-0.3251036159494114,-0.2840398339118906,-167.23302195249303,7.717845476549469,1.2719924264668117,-0.0883,-0.9938,0.0673,0.0111
226,1045504.0,803.530311,1.0,0.07,2.75,-9.83,-2.19,-28.0,34.25,-3.63,-19.5,10.31,0.04958087295848269,0.9082420509281838,-0.3604015939461256,-166.72765058183754,7.970538771598189,1.3407518310456548,-0.0919,-0.9933,0.0695,0.0117
227,1045504.0,803.530311,1.0,0.07,2.75,-9.83,-2.19,-28.0,34.25,-3.63,-19.5,10.31,0.04958087295848269,0.9082420509281838,-0.3604015939461256,-166.72765058183754,7.970538771598189,1.3407518310456548,-0.0919,-0.9933,0.0695,0.0117
228,1045536.0,803.543394,1.0,-0.67,2.0,-9.03,-2.19,-27.25,34.25,11.56,-12.06,-0.63,-0.5243364131336842,0.3164742098945409,0.5538279764045111,-166.92746455946425,8.22327089407658,1.94815034703792,-0.0868,-0.9935,0.0717,0.017
229,1045536.0,803.543394,1.0,-0.67,2.0,-9.03,-2.19,-27.25,34.25,11.56,-12.06,-0.63,-0.5243364131336842,0.3164742098945409,0.5538279764045111,-166.92746455946425,8.22327089407658,1.94815034703792,-0.0868,-0.9935,0.0717,0.017
230,1045573.0,803.578655,1.0,-0.35,0.58,-8.89,-1.75,-26.87,33.88,-7.75,28.37,-3.13,-0.12650057239836174,-1.0445242536929065,0.9531779867935306,-166.92746455946425,7.94756506816392,1.2261530793833222,-0.0891,-0.9935,0.0693,0.0107
231,1045573.0,803.578655,1.0,-0.35,0.58,-8.89,-1.75,-26.87,33.88,-7.75,28.37,-3.13,-0.12650057239836174,-1.0445242536929065,0.9531779867935306,-166.92746455946425,7.94756506816392,1.2261530793833222,-0.0891,-0.9935,0.0693,0.0107
232,1045610.0,803.6256940000001,1.0,0.11,2.68,-9.39,-1.5,-27.69,34.25,-6.06,-14.13,5.0,0.04076140533530172,0.8929482085254751,0.08206353040005787,-166.62885834304856,7.913105112625811,1.0657168616283692,-0.0934,-0.9932,0.069,0.0093
233,1045610.0,803.6256940000001,1.0,0.11,2.68,-9.39,-1.5,-27.69,34.25,-6.06,-14.13,5.0,0.04076140533530172,0.8929482085254751,0.08206353040005787,-166.62885834304856,7.913105112625811,1.0657168616283692,-0.0934,-0.9932,0.069,0.0093
234,1045643.0,803.669036,1.0,0.0,1.96,-10.3,-1.5,-27.69,34.25,12.63,-3.81,-1.81,0.09738560222444008,0.08402073649940688,-0.6773881800295563,-166.92746455946425,7.982025743589274,1.3178319771025526,-0.09,-0.9935,0.0696,0.0115
235,1045643.0,803.669036,1.0,0.0,1.96,-10.3,-1.5,-27.69,34.25,12.63,-3.81,-1.81,0.09738560222444008,0.08402073649940688,-0.6773881800295563,-166.92746455946425,7.982025743589274,1.3178319771025526,-0.09,-0.9935,0.0696,0.0115
236,1045680.0,803.69638,1.0,-0.36,1.46,-9.23,-1.75,-28.37,34.25,-16.31,17.31,-1.88,-0.2670090619056594,-0.2766468203916023,0.462867430952949,-166.92746455946425,7.786758050274272,1.0657168616283692,-0.0906,-0.9935,0.0679,0.0093
237,1045680.0,803.69638,1.0,-0.36,1.46,-9.23,-1.75,-28.37,34.25,-16.31,17.31,-1.88,-0.2670090619056594,-0.2766468203916023,0.462867430952949,-166.92746455946425,7.786758050274272,1.0657168616283692,-0.0906,-0.9935,0.0679,0.0093
238,1045716.0,803.731636,1.0,0.75,2.4,-10.5,-1.5,-28.0,33.88,-9.75,14.06,0.25,0.6709101405309955,0.4030619117422335,-0.9618188177398448,-166.53078742603913,7.47667331573405,0.5615008861828721,-0.0976,-0.9931,0.0652,0.0049
239,1045716.0,803.731636,1.0,0.75,2.4,-10.5,-1.5,-28.0,33.88,-9.75,14.06,0.25,0.6709101405309955,0.4030619117422335,-0.9618188177398448,-166.53078742603913,7.47667331573405,0.5615008861828721,-0.0976,-0.9931,0.0652,0.0049
240,1045749.0,803.774408,1.0,-0.46,1.88,-9.04,-1.5,-28.0,33.88,8.13,-6.19,-1.0,-0.4484872668980032,0.0408089890840668,0.5727562493745175,-166.53078742603913,7.499640647274437,0.8594447501191841,-0.0967,-0.9931,0.0654,0.0075
241,1045749.0,803.774408,1.0,-0.46,1.88,-9.04,-1.5,-28.0,33.88,8.13,-6.19,-1.0,-0.4484872668980032,0.0408089890840668,0.5727562493745175,-166.53078742603913,7.499640647274437,0.8594447501191841,-0.0967,-0.9931,0.0654,0.0075
242,1045784.0,803.782703,1.0,-0.24,1.06,-9.05,-3.0,-28.75,34.25,-5.81,20.56,-4.25,-0.2141828304521021,-0.7528740343566781,0.7252951229163465,-166.62885834304856,7.35035834348681,0.28647919598176924,-0.0977,-0.9932,0.0641,0.0025
243,1045784.0,803.782703,1.0,-0.24,1.06,-9.05,-3.0,-28.75,34.25,-5.81,20.56,-4.25,-0.2141828304521021,-0.7528740343566781,0.7252951229163465,-166.62885834304856,7.35035834348681,0.28647919598176924,-0.0977,-0.9932,0.0641,0.0025
244,1045819.0,803.8700190000001,1.0,0.79,2.23,-11.5,-1.75,-27.69,31.75,-9.88,9.56,2.44,0.5880583501813923,-0.09335646194373758,-1.9190683979402883,-166.14541230093116,7.143680335170353,-0.3323159869732291,-0.10300000000000001,-0.9927,0.0623,-0.0029
245,1045819.0,803.8700190000001,1.0,0.79,2.23,-11.5,-1.75,-27.69,31.75,-9.88,9.56,2.44,0.5880583501813923,-0.09335646194373758,-1.9190683979402883,-166.14541230093116,7.143680335170353,-0.3323159869732291,-0.10300000000000001,-0.9927,0.0623,-0.0029
246,1045856.0,803.8746309999999,1.0,-0.06,2.88,-9.98,-4.06,-28.0,33.06,15.81,-23.25,14.25,-0.2536858756310993,0.8312440167914915,-0.5443440035270832,-166.24074892993926,7.763786880218299,0.3323159869732291,-0.099,-0.9928,0.0677,0.0029
247,1045856.0,803.8746309999999,1.0,-0.06,2.88,-9.98,-4.06,-28.0,33.06,15.81,-23.25,14.25,-0.2536858756310993,0.8312440167914915,-0.5443440035270832,-166.24074892993926,7.763786880218299,0.3323159869732291,-0.099,-0.9928,0.0677,0.0029
248,1045891.0,803.904167,1.0,-0.36,1.68,-9.51,-4.06,-28.0,33.06,0.63,1.69,-1.5,-0.37614944786101867,-0.2429463249477999,0.1530709395650458,-166.33674754112943,7.855673444559319,0.4927452222969898,-0.09699999999999999,-0.9929,0.0685,0.0043
249,1045891.0,803.904167,1.0,-0.36,1.68,-9.51,-4.06,-28.0,33.06,0.63,1.69,-1.5,-0.37614944786101867,-0.2429463249477999,0.1530709395650458,-166.33674754112943,7.855673444559319,0.4927452222969898,-0.09699999999999999,-0.9929,0.0685,0.0043
250,1045927.0,803.93986,1.0,0.01,1.61,-8.92,-2.56,-28.37,34.25,-12.44,12.44,-1.37,-0.05900084248943484,-0.21192250807157825,0.7451817000411953,-166.14541230093116,7.683390239501281,0.16042823504321638,-0.1004,-0.9927,0.067,0.0014
251,1045927.0,803.93986,1.0,0.01,1.61,-8.92,-2.56,-28.37,34.25,-12.44,12.44,-1.37,-0.05900084248943484,-0.21192250807157825,0.7451817000411953,-166.14541230093116,7.683390239501281,0.16042823504321638,-0.1004,-0.9927,0.067,0.0014
252,1045962.0,803.991775,1.0,-0.14,2.34,-9.25,-2.56,-27.69,33.88,-10.06,-7.06,3.81,-0.2958613769086908,0.3648535682000277,0.2758028225752476,-165.86324083896642,7.7523014124211596,0.1718874029970642,-0.1028,-0.9924,0.0676,0.0015
253,1045962.0,803.991775,1.0,-0.14,2.34,-9.25,-2.56,-27.69,33.88,-10.06,-7.06,3.81,-0.2958613769086908,0.3648535682000277,0.2758028225752476,-165.86324083896642,7.7523014124211596,0.1718874029970642,-0.1028,-0.9924,0.0676,0.0015
254,1045997.0,804.024416,1.0,0.02,2.7,-9.89,-2.56,-27.69,33.88,-7.75,7.69,-5.88,-0.17913106646182064,0.5493059877774514,-0.4290070376708144,-165.6781993872616,7.683390239501281,0.1145915781247664,-0.1055,-0.9922,0.067,0.001
255,1045997.0,804.024416,1.0,0.02,2.7,-9.89,-2.56,-27.69,33.88,-7.75,7.69,-5.88,-0.17913106646182064,0.5493059877774514,-0.4290070376708144,-165.6781993872616,7.683390239501281,0.1145915781247664,-0.1055,-0.9922,0.067,0.001
256,1046032.0,804.037148,1.0,0.75,2.04,-11.31,-3.0,-28.37,33.06,-1.25,12.5,-2.69,0.5921076743200628,-0.31246098627938473,-1.6908269681902226,-165.6781993872616,7.522608280519941,-0.2177240931471762,-0.1062,-0.9922,0.0656,-0.0019
257,1046032.0,804.037148,1.0,0.75,2.04,-11.31,-3.0,-28.37,33.06,-1.25,12.5,-2.69,0.5921076743200628,-0.31246098627938473,-1.6908269681902226,-165.6781993872616,7.522608280519941,-0.2177240931471762,-0.1062,-0.9922,0.0656,-0.0019
258,1046069.0,804.076209,1.0,-0.23,2.06,-9.05,-2.19,-28.75,33.56,10.56,-21.69,7.13,-0.33869472549323104,0.10526583198348748,0.5290853956687567,-165.86324083896642,7.557060298129735,0.2177240931471762,-0.1038,-0.9924,0.0659,0.0019
259,1046069.0,804.076209,1.0,-0.23,2.06,-9.05,-2.19,-28.75,33.56,10.56,-21.69,7.13,-0.33869472549323104,0.10526583198348748,0.5290853956687567,-165.86324083896642,7.557060298129735,0.2177240931471762,-0.1038,-0.9924,0.0659,0.0019
260,1046104.0,804.123995,1.0,-0.09,2.4,-8.51,-2.19,-28.75,33.56,-12.38,-3.94,-2.56,-0.20580881318223354,0.5529205627736756,0.983945109566532,-165.6781993872616,7.6259663887868285,0.5385823103159236,-0.1046,-0.9922,0.0665,0.0047
261,1046104.0,804.123995,1.0,-0.09,2.4,-8.51,-2.19,-28.75,33.56,-12.38,-3.94,-2.56,-0.20580881318223354,0.5529205627736756,0.983945109566532,-165.6781993872616,7.6259663887868285,0.5385823103159236,-0.1046,-0.9922,0.0665,0.0047
262,1046136.0,804.1494799999999,1.0,0.14,1.86,-9.86,-3.25,-28.37,33.5,-5.38,6.31,-4.63,0.08731682960848815,-0.2601666261930771,-0.22447601345843185,-165.6781993872616,7.453706284964303,0.29793838914592274,-0.1065,-0.9922,0.065,0.0026
263,1046136.0,804.1494799999999,1.0,0.14,1.86,-9.86,-3.25,-28.37,33.5,-5.38,6.31,-4.63,0.08731682960848815,-0.2601666261930771,-0.22447601345843185,-165.6781993872616,7.453706284964303,0.29793838914592274,-0.1065,-0.9922,0.065,0.0026
264,1046173.0,804.190468,1.0,-0.15,2.39,-10.08,-3.0,-28.0,31.75,0.31,-5.69,0.0,-0.2452635704746607,0.1685127897676498,-0.5496258374177501,-165.6781993872616,7.442222882076424,0.4010712754482724,-0.1066,-0.9922,0.0649,0.0035
265,1046173.0,804.190468,1.0,-0.15,2.39,-10.08,-3.0,-28.0,31.75,0.31,-5.69,0.0,-0.2452635704746607,0.1685127897676498,-0.5496258374177501,-165.6781993872616,7.442222882076424,0.4010712754482724,-0.1066,-0.9922,0.0649,0.0035
266,1046208.0,804.2245,1.0,0.16,2.34,-9.86,-2.19,-29.19,33.06,3.31,-0.63,-2.63,0.08132855395738371,0.2117251866028758,-0.3259389145701146,-165.77042087262134,7.281463046960031,0.4812859628976946,-0.1064,-0.9923,0.0635,0.0042
267,1046208.0,804.2245,1.0,0.16,2.34,-9.86,-2.19,-29.19,33.06,3.31,-0.63,-2.63,0.08132855395738371,0.2117251866028758,-0.3259389145701146,-165.77042087262134,7.281463046960031,0.4812859628976946,-0.1064,-0.9923,0.0635,0.0042
268,1046243.0,804.271454,1.0,0.73,1.93,-10.36,-2.19,-29.19,33.06,1.19,-2.63,-1.25,0.7247694634019672,-0.1946392205551896,-0.730153348204885,-165.86324083896642,7.247016388579905,0.5729601824818275,-0.1053,-0.9924,0.0632,0.005
269,1046243.0,804.271454,1.0,0.73,1.93,-10.36,-2.19,-29.19,33.06,1.19,-2.63,-1.25,0.7247694634019672,-0.1946392205551896,-0.730153348204885,-165.86324083896642,7.247016388579905,0.5729601824818275,-0.1053,-0.9924,0.0632,0.005
270,1046280.0,804.296323,1.0,-0.28,2.09,-9.16,-2.56,-29.19,31.75,12.63,-25.69,8.81,-0.2352886909740064,0.14350991548075465,0.4111114770595279,-166.05072408085044,7.5340922105741654,1.1803139285143014,-0.1023,-0.9926,0.0657,0.0103
271,1046280.0,804.296323,1.0,-0.28,2.09,-9.16,-2.56,-29.19,31.75,12.63,-25.69,8.81,-0.2352886909740064,0.14350991548075465,0.4111114770595279,-166.05072408085044,7.5340922105741654,1.1803139285143014,-0.1023,-0.9926,0.0657,0.0103
272,1046317.0,804.332146,1.0,-0.52,2.64,-9.14,-2.56,-29.19,33.5,-1.63,-6.75,-2.94,-0.4831222259472423,0.6679417895507521,0.31454556101664544,-166.05072408085044,7.580028689727107,1.5699534720315549,-0.1015,-0.9926,0.0661,0.0137
273,1046317.0,804.332146,1.0,-0.52,2.64,-9.14,-2.56,-29.19,33.5,-1.63,-6.75,-2.94,-0.4831222259472423,0.6679417895507521,0.31454556101664544,-166.05072408085044,7.580028689727107,1.5699534720315549,-0.1015,-0.9926,0.0661,0.0137
274,1046349.0,804.3763299999999,1.0,0.04,1.81,-9.74,-2.56,-29.19,33.5,1.06,4.25,-2.0,0.18044082775286693,-0.16217951595525565,-0.09720979869890732,-166.14541230093116,7.522608280519941,1.4438918508267422,-0.1004,-0.9927,0.0656,0.0126
275,1046349.0,804.3763299999999,1.0,0.04,1.81,-9.74,-2.56,-29.19,33.5,1.06,4.25,-2.0,0.18044082775286693,-0.16217951595525565,-0.09720979869890732,-166.14541230093116,7.522608280519941,1.4438918508267422,-0.1004,-0.9927,0.0656,0.0126
276,1046384.0,804.402218,1.0,-0.34,1.94,-9.28,-2.56,-28.37,33.5,4.75,-7.69,0.94,-0.20776792911764666,0.028768772774713312,0.3222625740592395,-166.24074892993926,7.5455762164051485,1.5928739664684124,-0.0992,-0.9928,0.0658,0.0139
277,1046384.0,804.402218,1.0,-0.34,1.94,-9.28,-2.56,-28.37,33.5,4.75,-7.69,0.94,-0.20776792911764666,0.028768772774713312,0.3222625740592395,-166.24074892993926,7.5455762164051485,1.5928739664684124,-0.0992,-0.9928,0.0658,0.0139
278,1046419.0,804.480575,1.0,-0.13,1.68,-8.81,-1.5,-28.37,33.06,6.31,2.13,0.63,0.006327199625879215,-0.07742096478620074,0.8372929460771008,-166.43342218753332,7.488156943849511,1.5470330404085568,-0.0977,-0.993,0.0653,0.0135
279,1046419.0,804.480575,1.0,-0.13,1.68,-8.81,-1.5,-28.37,33.06,6.31,2.13,0.63,0.006327199625879215,-0.07742096478620074,0.8372929460771008,-166.43342218753332,7.488156943849511,1.5470330404085568,-0.0977,-0.993,0.0653,0.0135
280,1046456.0,804.5082259999999,1.0,-0.06,1.87,-9.55,-1.5,-28.37,33.06,-11.75,12.63,-4.25,0.02100475380098591,-0.07829795205881528,0.07544101904490219,-166.33674754112943,7.315910364212048,1.1573944243672372,-0.1002,-0.9929,0.0638,0.0101
281,1046456.0,804.5082259999999,1.0,-0.06,1.87,-9.55,-1.5,-28.37,33.06,-11.75,12.63,-4.25,0.02100475380098591,-0.07829795205881528,0.07544101904490219,-166.33674754112943,7.315910364212048,1.1573944243672372,-0.1002,-0.9929,0.0638,0.0101
282,1046491.0,804.5267769999999,1.0,0.08,2.05,-9.94,-1.75,-28.37,33.5,-6.81,10.94,-1.81,0.09462472237566072,-0.013205920247156886,-0.3424076787003134,-166.14541230093116,7.212570385921347,0.8136069048374162,-0.1025,-0.9927,0.0629,0.0071
283,1046491.0,804.5267769999999,1.0,0.08,2.05,-9.94,-1.75,-28.37,33.5,-6.81,10.94,-1.81,0.09462472237566072,-0.013205920247156886,-0.3424076787003134,-166.14541230093116,7.212570385921347,0.8136069048374162,-0.1025,-0.9927,0.0629,0.0071
284,1046525.0,804.54947,1.0,0.1,2.29,-9.2,-2.56,-28.37,33.06,-7.0,12.38,-3.5,0.0022129061964911226,0.3207522925538371,0.3308274462652783,-166.05072408085044,7.051830951076286,0.3896120513439707,-0.105,-0.9926,0.0615,0.0034
285,1046525.0,804.54947,1.0,0.1,2.29,-9.2,-2.56,-28.37,33.06,-7.0,12.38,-3.5,0.0022129061964911226,0.3207522925538371,0.3308274462652783,-166.05072408085044,7.051830951076286,0.3896120513439707,-0.105,-0.9926,0.0615,0.0034
286,1046560.0,804.582533,1.0,0.03,1.79,-9.82,-3.0,-28.0,33.88,7.88,2.38,-0.44,-0.047568328903783375,-0.2931254563890762,-0.17078527771050211,-166.14541230093116,6.959986103018456,0.08021409786913415,-0.1044,-0.9927,0.0607,0.0007
287,1046560.0,804.582533,1.0,0.03,1.79,-9.82,-3.0,-28.0,33.88,7.88,2.38,-0.44,-0.047568328903783375,-0.2931254563890762,-0.17078527771050211,-166.14541230093116,6.959986103018456,0.08021409786913415,-0.1044,-0.9927,0.0607,0.0007
288,1046595.0,804.597307,1.0,0.06,2.24,-9.56,-3.0,-28.0,33.88,-0.25,2.06,0.31,-0.08471495822228567,0.2143753428538408,-0.009747841786449385,-166.14541230093116,6.982946893042854,0.03437746822351143,-0.1037,-0.9927,0.0609,0.0003
289,1046595.0,804.597307,1.0,0.06,2.24,-9.56,-3.0,-28.0,33.88,-0.25,2.06,0.31,-0.08471495822228567,0.2143753428538408,-0.009747841786449385,-166.14541230093116,6.982946893042854,0.03437746822351143,-0.1037,-0.9927,0.0609,0.0003
290,1046630.0,804.65714,1.0,-0.08,1.98,-9.93,-3.0,-28.37,33.88,-1.44,7.19,-2.5,-0.2143742722444244,-0.13669737410281707,-0.3159513207728928,-166.14541230093116,6.925545442265205,-0.12605074034902247,-0.1039,-0.9927,0.0604,-0.0011
291,1046630.0,804.65714,1.0,-0.08,1.98,-9.93,-3.0,-28.37,33.88,-1.44,7.19,-2.5,-0.2143742722444244,-0.13669737410281707,-0.3159513207728928,-166.14541230093116,6.925545442265205,-0.12605074034902247,-0.1039,-0.9927,0.0604,-0.0011
292,1046667.0,804.676425,1.0,-0.1,2.13,-9.82,-3.25,-28.37,32.69,5.69,-1.56,3.81,-0.2636610304555729,0.04873184105334094,-0.2386179440961982,-166.24074892993926,6.982946893042854,-0.1718874029970642,-0.1029,-0.9928,0.0609,-0.0015
293,1046667.0,804.676425,1.0,-0.1,2.13,-9.82,-3.25,-28.37,32.69,5.69,-1.56,3.81,-0.2636610304555729,0.04873184105334094,-0.2386179440961982,-166.24074892993926,6.982946893042854,-0.1718874029970642,-0.1029,-0.9928,0.0609,-0.0015
294,1046702.0,804.73279,1.0,0.18,2.55,-9.54,-3.25,-28.37,32.69,1.06,5.81,1.37,-0.04658187226557553,0.5554192601351374,-0.05417347345530565,-166.33674754112943,7.017388604693049,-0.20626491763025406,-0.1025,-0.9929,0.0612,-0.0018
295,1046702.0,804.73279,1.0,0.18,2.55,-9.54,-3.25,-28.37,32.69,1.06,5.81,1.37,-0.04658187226557553,0.5554192601351374,-0.05417347345530565,-166.33674754112943,7.017388604693049,-0.20626491763025406,-0.1025,-0.9929,0.0612,-0.0018
296,1046734.0,804.74609,1.0,0.48,1.74,-9.93,-2.19,-28.75,32.69,6.25,11.69,-1.44,0.28339744925600585,-0.251791489374427,-0.2789430381725104,-166.43342218753332,6.868145731332586,-0.60733810621587,-0.1011,-0.993,0.0599,-0.0053
297,1046734.0,804.74609,1.0,0.48,1.74,-9.93,-2.19,-28.75,32.69,6.25,11.69,-1.44,0.28339744925600585,-0.251791489374427,-0.2789430381725104,-166.43342218753332,6.868145731332586,-0.60733810621587,-0.1011,-0.993,0.0599,-0.0053
298,1046771.0,804.780902,1.0,0.0,1.95,-9.35,-3.25,-28.37,32.25,7.06,-8.56,2.63,-0.20134118681843627,0.03675997775405577,0.2576652146667389,-166.62885834304856,6.959986103018456,-0.4812859628976946,-0.0999,-0.9932,0.0607,-0.0042
299,1046771.0,804.780902,1.0,0.0,1.95,-9.35,-3.25,-28.37,32.25,7.06,-8.56,2.63,-0.20134118681843627,0.03675997775405577,0.2576652146667389,-166.62885834304856,6.959986103018456,-0.4812859628976946,-0.0999,-0.9932,0.0607,-0.0042
300,1046808.0,804.827012,1.0,-0.42,2.13,-9.32,-3.0,-28.0,32.69,1.75,0.69,-1.88,-0.6307509431672975,0.18779934206799567,0.2597874444369221,-166.72765058183754,6.9025853499261425,-0.4239897358038088,-0.0989,-0.9933,0.0602,-0.0037
301,1046808.0,804.827012,1.0,-0.42,2.13,-9.32,-3.0,-28.0,32.69,1.75,0.69,-1.88,-0.6307509431672975,0.18779934206799567,0.2597874444369221,-166.72765058183754,6.9025853499261425,-0.4239897358038088,-0.0989,-0.9933,0.0602,-0.0037
302,1046841.0,804.854987,1.0,0.24,2.04,-9.69,-3.0,-28.0,32.69,12.94,19.12,-9.56,-0.029274649535976482,0.11743413789036065,-0.09792733667381626,-166.92746455946425,6.615607303690656,-0.8365258107465946,-0.0981,-0.9935,0.0577,-0.0073
303,1046841.0,804.854987,1.0,0.24,2.04,-9.69,-3.0,-28.0,32.69,12.94,19.12,-9.56,-0.029274649535976482,0.11743413789036065,-0.09792733667381626,-166.92746455946425,6.615607303690656,-0.8365258107465946,-0.0981,-0.9935,0.0577,-0.0073
304,1046878.0,804.890123,1.0,0.53,2.51,-10.11,-3.25,-28.75,32.69,8.06,-3.44,-7.19,0.14614888669022075,0.5986979097799964,-0.6055208262851828,-167.44083871780597,6.351624225020216,-1.1688541705956874,-0.0944,-0.9940000000000001,0.0554,-0.0102
305,1046878.0,804.890123,1.0,0.53,2.51,-10.11,-3.25,-28.75,32.69,8.06,-3.44,-7.19,0.14614888669022075,0.5986979097799964,-0.6055208262851828,-167.44083871780597,6.351624225020216,-1.1688541705956874,-0.0944,-0.9940000000000001,0.0554,-0.0102
306,1046913.0,804.925374,1.0,-0.39,2.35,-9.76,-4.06,-27.69,33.06,22.81,5.63,-15.63,-0.7517738734083219,0.5068394250279913,-0.19885597623618526,-167.97602060615887,6.030298919379606,-1.2146932735575866,-0.0897,-0.9945,0.0526,-0.0106
307,1046913.0,804.925374,1.0,-0.39,2.35,-9.76,-4.06,-27.69,33.06,22.81,5.63,-15.63,-0.7517738734083219,0.5068394250279913,-0.19885597623618526,-167.97602060615887,6.030298919379606,-1.2146932735575866,-0.0897,-0.9945,0.0526,-0.0106
308,1046947.0,804.9765719999999,1.0,1.01,0.15,-9.66,-4.06,-27.69,33.06,28.44,14.5,-13.69,0.7876233225549272,-1.3339466895374066,0.21715388543591446,-169.24641346971597,5.215716631990905,-1.638715147453804,-0.081,-0.9956,0.0455,-0.0143
309,1046947.0,804.9765719999999,1.0,1.01,0.15,-9.66,-4.06,-27.69,33.06,28.44,14.5,-13.69,0.7876233225549272,-1.3339466895374066,0.21715388543591446,-169.24641346971597,5.215716631990905,-1.638715147453804,-0.081,-0.9956,0.0455,-0.0143
310,1046982.0,804.9953419999999,1.0,0.24,2.19,-9.85,-3.0,-27.69,34.69,-0.44,-7.88,-10.88,-0.15742399083435402,0.5846453377646759,-0.26854764154231603,-169.36940436804014,4.906017344265486,-1.5928739664684124,-0.0804,-0.9957,0.0428,-0.0139
311,1046982.0,804.9953419999999,1.0,0.24,2.19,-9.85,-3.0,-27.69,34.69,-0.44,-7.88,-10.88,-0.15742399083435402,0.5846453377646759,-0.26854764154231603,-169.36940436804014,4.906017344265486,-1.5928739664684124,-0.0804,-0.9957,0.0428,-0.0139
312,1047019.0,805.035528,1.0,0.09,1.27,-9.92,-3.25,-26.5,34.69,25.06,-2.38,-14.63,-0.190739223505056,-0.22311505019067526,-0.1904114794045899,-170.27366439531403,4.4587366294239885,-1.3751317128217122,-0.0745,-0.9964,0.0389,-0.012
313,1047019.0,805.035528,1.0,0.09,1.27,-9.92,-3.25,-26.5,34.69,25.06,-2.38,-14.63,-0.190739223505056,-0.22311505019067526,-0.1904114794045899,-170.27366439531403,4.4587366294239885,-1.3751317128217122,-0.0745,-0.9964,0.0389,-0.012
314,1047054.0,805.078747,1.0,0.77,0.44,-9.79,-3.25,-26.5,34.69,22.87,2.63,-0.88,0.5492384992450565,-0.8334456687392217,0.027370609972997784,-170.9747190636711,4.298191253728037,-1.3751317128217122,-0.0674,-0.9969,0.0375,-0.012
315,1047054.0,805.078747,1.0,0.77,0.44,-9.79,-3.25,-26.5,34.69,22.87,2.63,-0.88,0.5492384992450565,-0.8334456687392217,0.027370609972997784,-170.9747190636711,4.298191253728037,-1.3751317128217122,-0.0674,-0.9969,0.0375,-0.012
316,1047089.0,805.108481,1.0,0.44,1.4,-9.47,-2.56,-26.5,35.56,4.31,0.06,-3.31,0.14872445032331225,0.17227200564258244,0.2263210184906548,-171.27085645575488,4.229388694927676,-1.3980517025844337,-0.0654,-0.9971,0.0369,-0.0122
317,1047089.0,805.108481,1.0,0.44,1.4,-9.47,-2.56,-26.5,35.56,4.31,0.06,-3.31,0.14872445032331225,0.17227200564258244,0.2263210184906548,-171.27085645575488,4.229388694927676,-1.3980517025844337,-0.0654,-0.9971,0.0369,-0.0122
318,1047123.0,805.146581,1.0,-0.22,0.29,-9.59,-2.56,-26.56,35.19,10.56,-3.0,0.31,-0.421042769171286,-0.921340083285998,0.2633562584525304,-171.5773787315156,4.240855681461491,-1.3407518310456548,-0.0619,-0.9973,0.037000000000000005,-0.0117
319,1047123.0,805.146581,1.0,-0.22,0.29,-9.59,-2.56,-26.56,35.19,10.56,-3.0,0.31,-0.421042769171286,-0.921340083285998,0.2633562584525304,-171.5773787315156,4.240855681461491,-1.3407518310456548,-0.0619,-0.9973,0.037000000000000005,-0.0117
320,1047160.0,805.180205,1.0,0.2,1.03,-9.65,-1.75,-25.5,36.0,-2.63,-2.63,1.88,-0.04266503006011624,-0.18878202722987267,0.1017058455287856,-171.5773787315156,4.229388694927676,-1.2490727279396536,-0.0631,-0.9973,0.0369,-0.0109
321,1047160.0,805.180205,1.0,0.2,1.03,-9.65,-1.75,-25.5,36.0,-2.63,-2.63,1.88,-0.04266503006011624,-0.18878202722987267,0.1017058455287856,-171.5773787315156,4.229388694927676,-1.2490727279396536,-0.0631,-0.9973,0.0369,-0.0109
322,1047193.0,805.225159,1.0,0.7,1.72,-10.2,-1.75,-25.5,36.0,-7.56,4.25,9.88,0.3846006491763528,0.41883573562932697,-0.5454057845875688,-171.12155545031425,4.516076369343336,-1.283452294756085,-0.0652,-0.997,0.0394,-0.0112
323,1047193.0,805.225159,1.0,0.7,1.72,-10.2,-1.75,-25.5,36.0,-7.56,4.25,9.88,0.3846006491763528,0.41883573562932697,-0.5454057845875688,-171.12155545031425,4.516076369343336,-1.283452294756085,-0.0652,-0.997,0.0394,-0.0112
324,1047230.0,805.233351,1.0,0.67,1.28,-10.42,-2.56,-25.5,35.19,0.25,0.06,0.44,0.3917604345581948,-0.06478494284064955,-0.7055346765121051,-170.9747190636711,4.642227799866185,-1.2490727279396536,-0.0661,-0.9969,0.0405,-0.0109
325,1047230.0,805.233351,1.0,0.67,1.28,-10.42,-2.56,-25.5,35.19,0.25,0.06,0.44,0.3917604345581948,-0.06478494284064955,-0.7055346765121051,-170.9747190636711,4.642227799866185,-1.2490727279396536,-0.0661,-0.9969,0.0405,-0.0109
326,1047267.0,805.277417,1.0,-0.58,1.7,-9.35,-2.56,-25.87,35.5,-1.0,-5.69,-2.38,-0.8550260331840877,0.4019695410376214,0.332672431383136,-171.12155545031425,4.584885551911774,-1.1573944243672372,-0.0657,-0.997,0.04,-0.0101
327,1047267.0,805.277417,1.0,-0.58,1.7,-9.35,-2.56,-25.87,35.5,-1.0,-5.69,-2.38,-0.8550260331840877,0.4019695410376214,0.332672431383136,-171.12155545031425,4.584885551911774,-1.1573944243672372,-0.0657,-0.997,0.04,-0.0101
328,1047300.0,805.337712,1.0,0.67,1.16,-9.73,-2.56,-25.87,35.5,5.0,9.0,-2.06,0.3986590619505309,-0.07460574003742787,-0.006754349963280504,-171.27085645575488,4.424333322525307,-1.3407518310456548,-0.0651,-0.9971,0.0386,-0.0117
329,1047300.0,805.337712,1.0,0.67,1.16,-9.73,-2.56,-25.87,35.5,5.0,9.0,-2.06,0.3986590619505309,-0.07460574003742787,-0.006754349963280504,-171.27085645575488,4.424333322525307,-1.3407518310456548,-0.0651,-0.9971,0.0386,-0.0117
330,1047334.0,805.351131,1.0,1.04,1.5,-9.82,-2.56,-26.25,35.5,2.81,2.31,3.75,0.7159182398048894,0.2797394599746567,-0.15192454199383576,-171.12155545031425,4.504608331312204,-1.4668120111410634,-0.065,-0.997,0.0393,-0.0128
331,1047334.0,805.351131,1.0,1.04,1.5,-9.82,-2.56,-26.25,35.5,2.81,2.31,3.75,0.7159182398048894,0.2797394599746567,-0.15192454199383576,-171.12155545031425,4.504608331312204,-1.4668120111410634,-0.065,-0.997,0.0393,-0.0128
332,1047369.0,805.3797519999999,1.0,0.54,1.22,-9.77,-2.56,-26.56,34.69,3.19,-2.0,0.25,0.2498406207444373,-0.010413471737991287,-0.050853295654146535,-171.27085645575488,4.539012581284228,-1.4095117183833985,-0.0641,-0.9971,0.0396,-0.0123
333,1047369.0,805.3797519999999,1.0,0.54,1.22,-9.77,-2.56,-26.56,34.69,3.19,-2.0,0.25,0.2498406207444373,-0.010413471737991287,-0.050853295654146535,-171.27085645575488,4.539012581284228,-1.4095117183833985,-0.0641,-0.9971,0.0396,-0.0123
334,1047406.0,805.425389,1.0,0.78,-0.61,-8.94,-2.56,-26.56,34.69,4.81,-2.63,6.56,0.6614433472799265,-1.6643847994889176,0.9920929528438922,-171.27085645575488,4.779853967883568,-1.3751317128217122,-0.0626,-0.9971,0.0417,-0.012
335,1047406.0,805.425389,1.0,0.78,-0.61,-8.94,-2.56,-26.56,34.69,4.81,-2.63,6.56,0.6614433472799265,-1.6643847994889176,0.9920929528438922,-171.27085645575488,4.779853967883568,-1.3751317128217122,-0.0626,-0.9971,0.0417,-0.012
336,1047439.0,805.458063,1.0,0.77,2.08,-9.4,-3.25,-26.25,34.75,-46.88,-14.5,24.62,0.43613047451335096,0.8068174003819332,0.19217466893581656,-170.13941942315122,5.582817194583068,-1.1573944243672372,-0.0698,-0.9963,0.0487,-0.0101
337,1047439.0,805.458063,1.0,0.77,2.08,-9.4,-3.25,-26.25,34.75,-46.88,-14.5,24.62,0.43613047451335096,0.8068174003819332,0.19217466893581656,-170.13941942315122,5.582817194583068,-1.1573944243672372,-0.0698,-0.9963,0.0487,-0.0101
338,1047476.0,805.505709,1.0,0.86,2.06,-9.82,-3.0,-26.25,35.56,-16.25,-12.63,19.0,0.5858346725204718,0.6155890366506194,-0.22796249248960446,-169.1248093860894,6.420486066048695,-0.7104722177704716,-0.0765,-0.9955,0.055999999999999994,-0.0062
339,1047476.0,805.505709,1.0,0.86,2.06,-9.82,-3.0,-26.25,35.56,-16.25,-12.63,19.0,0.5858346725204718,0.6155890366506194,-0.22796249248960446,-169.1248093860894,6.420486066048695,-0.7104722177704716,-0.0765,-0.9955,0.055999999999999994,-0.0062
340,1047511.0,805.533913,1.0,0.56,0.02,-9.93,-3.69,-27.37,34.25,-4.94,-13.56,27.75,0.5913213840611798,-1.4466037348692382,-0.015599062969965159,-168.6513771745933,7.109236280779951,-0.3323159869732291,-0.0775,-0.9951,0.062,-0.0029
341,1047511.0,805.533913,1.0,0.56,0.02,-9.93,-3.69,-27.37,34.25,-4.94,-13.56,27.75,0.5913213840611798,-1.4466037348692382,-0.015599062969965159,-168.6513771745933,7.109236280779951,-0.3323159869732291,-0.0775,-0.9951,0.062,-0.0029
342,1047545.0,805.575648,1.0,-0.66,2.18,-9.81,-3.69,-27.37,34.25,-42.44,-20.19,26.75,-0.7686401935369401,0.2905984912591449,-0.2307224036601063,-166.82718037176227,8.23475966058657,0.4010712754482724,-0.0894,-0.9934,0.0718,0.0035
343,1047545.0,805.575648,1.0,-0.66,2.18,-9.81,-3.69,-27.37,34.25,-42.44,-20.19,26.75,-0.7686401935369401,0.2905984912591449,-0.2307224036601063,-166.82718037176227,8.23475966058657,0.4010712754482724,-0.0894,-0.9934,0.0718,0.0035
344,1047582.0,805.6307820000001,1.0,0.31,2.85,-9.97,-3.69,-27.37,33.88,-19.81,-8.94,23.37,0.13548653501759447,0.941629592680432,-0.5236199436663984,-165.86324083896642,8.92424161449454,0.687553479519944,-0.095,-0.9924,0.0778,0.006
345,1047582.0,805.6307820000001,1.0,0.31,2.85,-9.97,-3.69,-27.37,33.88,-19.81,-8.94,23.37,0.13548653501759447,0.941629592680432,-0.5236199436663984,-165.86324083896642,8.92424161449454,0.687553479519944,-0.095,-0.9924,0.0778,0.006
346,1047619.0,805.643917,1.0,-0.04,1.66,-9.31,-4.5,-27.37,34.0,-8.19,-20.87,21.75,0.05057165288738933,-0.2149500236133756,0.3523103088701713,-164.87335484809628,9.855560741569812,1.306372069959298,-0.0991,-0.9913,0.0859,0.0114
347,1047619.0,805.643917,1.0,-0.04,1.66,-9.31,-4.5,-27.37,34.0,-8.19,-20.87,21.75,0.05057165288738933,-0.2149500236133756,0.3523103088701713,-164.87335484809628,9.855560741569812,1.306372069959298,-0.0991,-0.9913,0.0859,0.0114
348,1047654.0,805.674101,1.0,-0.42,1.89,-9.46,-4.5,-27.37,34.0,-25.44,-3.94,18.37,-0.30659527157968736,-0.18782713446962884,0.15725518441690411,-163.94405112777469,10.465291924669183,1.6043342375287626,-0.1042,-0.9902,0.0912,0.013999999999999999
349,1047654.0,805.674101,1.0,-0.42,1.89,-9.46,-4.5,-27.37,34.0,-25.44,-3.94,18.37,-0.30659527157968736,-0.18782713446962884,0.15725518441690411,-163.94405112777469,10.465291924669183,1.6043342375287626,-0.1042,-0.9902,0.0912,0.013999999999999999
350,1047689.0,805.7197610000001,1.0,0.37,2.73,-10.17,-2.56,-28.06,32.69,-18.62,-14.06,18.37,0.3879891297902215,0.4825524225113505,-0.7116819777754237,-162.91040944456057,11.19045487105573,1.8335431812694831,-0.111,-0.9889,0.0975,0.016
351,1047689.0,805.7197610000001,1.0,0.37,2.73,-10.17,-2.56,-28.06,32.69,-18.62,-14.06,18.37,0.3879891297902215,0.4825524225113505,-0.7116819777754237,-162.91040944456057,11.19045487105573,1.8335431812694831,-0.111,-0.9889,0.0975,0.016
352,1047724.0,805.756474,1.0,-0.08,2.79,-10.18,-3.69,-28.5,33.06,-7.63,-21.44,18.56,0.044721439299206855,0.4174917066433619,-0.7407004098304704,-162.15571301144445,11.985198208002226,2.532679647359437,-0.1129,-0.9879,0.1044,0.0221
353,1047724.0,805.756474,1.0,-0.08,2.79,-10.18,-3.69,-28.5,33.06,-7.63,-21.44,18.56,0.044721439299206855,0.4174917066433619,-0.7407004098304704,-162.15571301144445,11.985198208002226,2.532679647359437,-0.1129,-0.9879,0.1044,0.0221
354,1047760.0,805.77659,1.0,-0.9,2.16,-8.74,-4.06,-28.87,33.19,-10.25,4.13,14.56,-0.7131666255434509,-0.07890613552845223,0.7873170320922859,-161.64573705685663,12.457708722341449,2.6473004867786654,-0.1146,-0.9872,0.1085,0.0231
355,1047760.0,805.77659,1.0,-0.9,2.16,-8.74,-4.06,-28.87,33.19,-10.25,4.13,14.56,-0.7131666255434509,-0.07890613552845223,0.7873170320922859,-161.64573705685663,12.457708722341449,2.6473004867786654,-0.1146,-0.9872,0.1085,0.0231
356,1047795.0,805.804292,1.0,0.3,1.96,-10.24,-4.06,-28.87,33.19,-17.56,13.31,10.56,0.5448322271919434,-0.4646534050366489,-0.5989472946006789,-160.94065918134044,12.849707716341904,2.269061145645111,-0.1204,-0.9862,0.1119,0.0198
357,1047795.0,805.804292,1.0,0.3,1.96,-10.24,-4.06,-28.87,33.19,-17.56,13.31,10.56,0.5448322271919434,-0.4646534050366489,-0.5989472946006789,-160.94065918134044,12.849707716341904,2.269061145645111,-0.1204,-0.9862,0.1119,0.0198
358,1047832.0,805.839626,1.0,-0.06,3.15,-9.3,-4.75,-29.56,31.0,-3.13,-21.25,18.19,-0.0394052352346749,0.7428719855572973,0.015700687471092326,-160.19378503937315,13.426452603767608,2.8536247508829486,-0.1236,-0.9851,0.1169,0.0249
359,1047832.0,805.839626,1.0,-0.06,3.15,-9.3,-4.75,-29.56,31.0,-3.13,-21.25,18.19,-0.0394052352346749,0.7428719855572973,0.015700687471092326,-160.19378503937315,13.426452603767608,2.8536247508829486,-0.1236,-0.9851,0.1169,0.0249
360,1047869.0,805.880758,1.0,-0.39,2.23,-8.74,-4.75,-30.37,31.5,-11.13,0.63,10.56,-0.1711743690336748,-0.08517719927663649,0.7802418450299733,-159.66766312617878,14.061267443693245,3.082884815106741,-0.1244,-0.9843,0.1224,0.0269
361,1047869.0,805.880758,1.0,-0.39,2.23,-8.74,-4.75,-30.37,31.5,-11.13,0.63,10.56,-0.1711743690336748,-0.08517719927663649,0.7802418450299733,-159.66766312617878,14.061267443693245,3.082884815106741,-0.1244,-0.9843,0.1224,0.0269
362,1047902.0,805.935964,1.0,-0.04,2.53,-9.85,-4.75,-30.37,31.5,-18.37,4.94,12.38,0.16855447136056906,-0.07937185069171736,-0.3614515681149689,-159.15467994543428,14.315313760812993,2.9224015288032215,-0.129,-0.9835,0.1246,0.0255
363,1047902.0,805.935964,1.0,-0.04,2.53,-9.85,-4.75,-30.37,31.5,-18.37,4.94,12.38,0.16855447136056906,-0.07937185069171736,-0.3614515681149689,-159.15467994543428,14.315313760812993,2.9224015288032215,-0.129,-0.9835,0.1246,0.0255
364,1047937.0,805.949026,1.0,-0.28,3.47,-10.04,-4.5,-30.87,32.25,-5.06,-25.87,18.69,-0.17891666167817175,0.6512291132478512,-0.7982917476114562,-158.3467074683401,15.02008899858815,3.5414428939599265,-0.1312,-0.9822,0.1307,0.0309
365,1047937.0,805.949026,1.0,-0.28,3.47,-10.04,-4.5,-30.87,32.25,-5.06,-25.87,18.69,-0.17891666167817175,0.6512291132478512,-0.7982917476114562,-158.3467074683401,15.02008899858815,3.5414428939599265,-0.1312,-0.9822,0.1307,0.0309
366,1047973.0,805.985143,1.0,-1.08,3.08,-8.64,-4.5,-29.56,31.5,-7.44,8.13,1.31,-0.9702262786956444,0.4011532768743108,0.6305867364549282,-158.1040290229696,15.205041610922965,3.6560909909367436,-0.1324,-0.9818,0.1323,0.0319
367,1047973.0,805.985143,1.0,-1.08,3.08,-8.64,-4.5,-29.56,31.5,-7.44,8.13,1.31,-0.9702262786956444,0.4011532768743108,0.6305867364549282,-158.1040290229696,15.205041610922965,3.6560909909367436,-0.1324,-0.9818,0.1323,0.0319
368,1048010.0,806.027434,1.0,0.25,1.9,-9.71,-4.75,-30.0,31.75,-21.37,17.5,3.25,0.6104586355190835,-0.7496243069685589,-0.043324804674485407,-157.80436691060555,15.077882439571027,2.956790311078442,-0.1387,-0.9813,0.1312,0.0258
369,1048010.0,806.027434,1.0,0.25,1.9,-9.71,-4.75,-30.0,31.75,-21.37,17.5,3.25,0.6104586355190835,-0.7496243069685589,-0.043324804674485407,-157.80436691060555,15.077882439571027,2.956790311078442,-0.1387,-0.9813,0.1312,0.0258
370,1048043.0,806.077943,1.0,0.25,2.63,-9.45,-4.75,-30.0,31.75,-2.13,-27.75,17.44,0.4676573990077925,0.002202190769170359,0.005466821040984726,-157.39142911741774,15.563501157916,3.3924056518954067,-0.1389,-0.9806,0.1354,0.0296
371,1048043.0,806.077943,1.0,0.25,2.63,-9.45,-4.75,-30.0,31.75,-2.13,-27.75,17.44,0.4676573990077925,0.002202190769170359,0.005466821040984726,-157.39142911741774,15.563501157916,3.3924056518954067,-0.1389,-0.9806,0.1354,0.0296
372,1048080.0,806.102154,1.0,-0.82,3.37,-9.1,-5.56,-30.75,31.75,1.25,-0.63,-2.5,-0.6816616092943185,0.4526186792988402,0.10253882063050312,-156.87120131517742,15.82955387412607,4.034456312516312,-0.141,-0.9797,0.1377,0.0352
373,1048080.0,806.102154,1.0,-0.82,3.37,-9.1,-5.56,-30.75,31.75,1.25,-0.63,-2.5,-0.6816616092943185,0.4526186792988402,0.10253882063050312,-156.87120131517742,15.82955387412607,4.034456312516312,-0.141,-0.9797,0.1377,0.0352
374,1048117.0,806.137703,1.0,-0.48,3.08,-9.84,-5.56,-31.06,32.25,-17.75,5.81,5.88,-0.2215300107321288,0.035579340280863125,-0.5128489493138773,-156.70033876277134,15.875832638109523,3.8853982832056495,-0.1431,-0.9794,0.1381,0.0339
375,1048117.0,806.137703,1.0,-0.48,3.08,-9.84,-5.56,-31.06,32.25,-17.75,5.81,5.88,-0.2215300107321288,0.035579340280863125,-0.5128489493138773,-156.70033876277134,15.875832638109523,3.8853982832056495,-0.1431,-0.9794,0.1381,0.0339
376,1048150.0,806.177513,1.0,-0.91,2.77,-8.55,-5.56,-31.06,32.25,-3.94,-12.5,6.81,-0.6782976765744866,-0.049920765757824816,0.7988245032943819,-156.41828103776766,16.16513427708501,3.977125506843028,-0.1445,-0.9789,0.1406,0.0347
377,1048150.0,806.177513,1.0,-0.91,2.77,-8.55,-5.56,-31.06,32.25,-3.94,-12.5,6.81,-0.6782976765744866,-0.049920765757824816,0.7988245032943819,-156.41828103776766,16.16513427708501,3.977125506843028,-0.1445,-0.9789,0.1406,0.0347
378,1048184.0,806.1923,1.0,-0.6,3.26,-8.83,-5.19,-30.75,30.19,-12.81,16.06,-10.19,-0.5072109484221822,0.34114882342038955,0.39480350029126576,-156.30638493987288,15.910543420989347,3.701951248377608,-0.1482,-0.9787,0.1384,0.0323
379,1048184.0,806.1923,1.0,-0.6,3.26,-8.83,-5.19,-30.75,30.19,-12.81,16.06,-10.19,-0.5072109484221822,0.34114882342038955,0.39480350029126576,-156.30638493987288,15.910543420989347,3.701951248377608,-0.1482,-0.9787,0.1384,0.0323
380,1048221.0,806.2351940000001,1.0,0.89,3.09,-10.55,-4.5,-30.75,31.0,0.56,1.5,-0.75,1.1033833104889996,0.05861201681173395,-1.167037160732244,-156.30638493987288,15.713868313956251,3.40386984812725,-0.1505,-0.9787,0.1367,0.0297
381,1048221.0,806.2351940000001,1.0,0.89,3.09,-10.55,-4.5,-30.75,31.0,0.56,1.5,-0.75,1.1033833104889996,0.05861201681173395,-1.167037160732244,-156.30638493987288,15.713868313956251,3.40386984812725,-0.1505,-0.9787,0.1367,0.0297
382,1048258.0,806.2702559999999,1.0,-0.45,2.79,-9.07,-4.5,-30.75,31.0,15.31,-19.62,8.13,-0.18664634183595216,-0.06684786005114059,0.3086399712262953,-156.36226771891504,16.084119443363345,3.942727502383202,-0.1458,-0.9788,0.1399,0.0344
383,1048258.0,806.2702559999999,1.0,-0.45,2.79,-9.07,-4.5,-30.75,31.0,15.31,-19.62,8.13,-0.18664634183595216,-0.06684786005114059,0.3086399712262953,-156.36226771891504,16.084119443363345,3.942727502383202,-0.1458,-0.9788,0.1399,0.0344
384,1048291.0,806.309167,1.0,-0.52,3.18,-9.19,-5.56,-31.06,30.56,-20.37,9.5,-9.94,-0.31949003327648856,0.1936166599116487,0.07529147676997637,-156.25063177900063,15.945255673236543,4.022990071019942,-0.1483,-0.9786,0.1387,0.0351
385,1048291.0,806.309167,1.0,-0.52,3.18,-9.19,-5.56,-31.06,30.56,-20.37,9.5,-9.94,-0.31949003327648856,0.1936166599116487,0.07529147676997637,-156.25063177900063,15.945255673236543,4.022990071019942,-0.1483,-0.9786,0.1387,0.0351
386,1048328.0,806.3463360000001,1.0,0.51,3.54,-10.02,-5.19,-31.06,30.56,-13.19,17.69,-4.0,0.5865744384352232,0.4479389158938328,-0.8068970581611996,-156.0841409493743,15.563501157916,3.4153340784378665,-0.1538,-0.9783,0.1354,0.0298
387,1048328.0,806.3463360000001,1.0,0.51,3.54,-10.02,-5.19,-31.06,30.56,-13.19,17.69,-4.0,0.5865744384352232,0.4479389158938328,-0.8068970581611996,-156.0841409493743,15.563501157916,3.4153340784378665,-0.1538,-0.9783,0.1354,0.0298
388,1048363.0,806.3981679999999,1.0,-0.72,2.35,-8.9,-5.56,-31.06,30.69,7.31,-9.88,3.81,-0.4061895421727789,-0.6278642569494788,0.6038408348225097,-156.19500732541925,15.632898017228825,3.4267983429423063,-0.1525,-0.9785,0.136,0.0299
389,1048363.0,806.3981679999999,1.0,-0.72,2.35,-8.9,-5.56,-31.06,30.69,7.31,-9.88,3.81,-0.4061895421727789,-0.6278642569494788,0.6038408348225097,-156.19500732541925,15.632898017228825,3.4267983429423063,-0.1525,-0.9785,0.136,0.0299
390,1048397.0,806.429076,1.0,-0.38,3.31,-9.29,-5.56,-31.06,30.69,-10.94,1.56,-3.38,-0.26891111177308985,0.1968009761405589,-0.05709960092535483,-156.02889725740351,15.586632804931574,3.495584654482353,-0.1544,-0.9782,0.1356,0.0305
391,1048397.0,806.429076,1.0,-0.38,3.31,-9.29,-5.56,-31.06,30.69,-10.94,1.56,-3.38,-0.26891111177308985,0.1968009761405589,-0.05709960092535483,-156.02889725740351,15.586632804931574,3.495584654482353,-0.1544,-0.9782,0.1356,0.0305
392,1048432.0,806.469732,1.0,0.69,2.64,-10.15,-5.19,-31.06,31.0,4.0,5.0,2.44,0.9743048736573228,-0.3635137486553267,-0.6521638795805185,-156.19500732541925,15.505674829864251,3.254837913384077,-0.1535,-0.9785,0.1349,0.0284
393,1048432.0,806.469732,1.0,0.69,2.64,-10.15,-5.19,-31.06,31.0,4.0,5.0,2.44,0.9743048736573228,-0.3635137486553267,-0.6521638795805185,-156.19500732541925,15.505674829864251,3.254837913384077,-0.1535,-0.9785,0.1349,0.0284
394,1048469.0,806.4836650000001,1.0,-0.32,3.39,-9.24,-5.56,-31.37,30.19,8.63,-14.38,3.5,-0.2115841310340628,0.3590290559380618,-0.031969328568763444,-156.0841409493743,15.760140597334962,3.724881599063971,-0.1516,-0.9783,0.1371,0.0325
395,1048469.0,806.4836650000001,1.0,-0.32,3.39,-9.24,-5.56,-31.37,30.19,8.63,-14.38,3.5,-0.2115841310340628,0.3590290559380618,-0.031969328568763444,-156.0841409493743,15.760140597334962,3.724881599063971,-0.1516,-0.9783,0.1371,0.0325
396,1048504.0,806.531179,1.0,-0.7,2.97,-8.66,-5.56,-31.37,30.19,-8.19,6.81,-10.0,-0.5159392227730029,0.03365740841055487,0.6393617478905771,-156.19500732541925,15.621331474060085,3.7822081305683333,-0.1519,-0.9785,0.1359,0.033
397,1048504.0,806.531179,1.0,-0.7,2.97,-8.66,-5.56,-31.37,30.19,-8.19,6.81,-10.0,-0.5159392227730029,0.03365740841055487,0.6393617478905771,-156.19500732541925,15.621331474060085,3.7822081305683333,-0.1519,-0.9785,0.1359,0.033
398,1048539.0,806.541475,1.0,1.05,3.31,-10.83,-5.56,-30.69,30.56,11.06,-12.5,5.0,1.2804282214827023,0.20027238044604767,-1.4923718401090404,-156.25063177900063,15.586632804931574,3.6331610823402585,-0.1518,-0.9786,0.1356,0.0317
399,1048539.0,806.541475,1.0,1.05,3.31,-10.83,-5.56,-30.69,30.56,11.06,-12.5,5.0,1.2804282214827023,0.20027238044604767,-1.4923718401090404,-156.25063177900063,15.586632804931574,3.6331610823402585,-0.1518,-0.9786,0.1356,0.0317
400,1048573.0,806.580675,1.0,-0.64,2.98,-9.0,-6.0,-31.37,29.37,7.06,-27.44,4.0,-0.3332537234433681,0.043170343684610125,0.3104887609920333,-156.19500732541925,15.875832638109523,4.447268815934101,-0.1481,-0.9785,0.1381,0.0388
401,1048573.0,806.580675,1.0,-0.64,2.98,-9.0,-6.0,-31.37,29.37,7.06,-27.44,4.0,-0.3332537234433681,0.043170343684610125,0.3104887609920333,-156.19500732541925,15.875832638109523,4.447268815934101,-0.1481,-0.9785,0.1381,0.0388
402,1048610.0,806.6267839999999,1.0,-0.35,2.35,-9.12,-4.5,-31.06,30.19,0.75,16.19,-5.5,0.10789191805755076,-0.5084973319143645,0.39659209383099103,-156.30638493987288,15.632898017228825,4.3211257832659316,-0.1492,-0.9787,0.136,0.0377
403,1048610.0,806.6267839999999,1.0,-0.35,2.35,-9.12,-4.5,-31.06,30.19,0.75,16.19,-5.5,0.10789191805755076,-0.5084973319143645,0.39659209383099103,-156.30638493987288,15.632898017228825,4.3211257832659316,-0.1492,-0.9787,0.136,0.0377
404,1048645.0,806.6501360000001,1.0,0.78,3.03,-10.96,-4.5,-31.06,30.19,-8.94,2.44,-0.5,1.219512307924749,-0.16145139362559702,-1.5246175009601846,-156.0841409493743,15.551935573755918,4.206454848857137,-0.1522,-0.9783,0.1353,0.0367
405,1048645.0,806.6501360000001,1.0,0.78,3.03,-10.96,-4.5,-31.06,30.19,-8.94,2.44,-0.5,1.219512307924749,-0.16145139362559702,-1.5246175009601846,-156.0841409493743,15.551935573755918,4.206454848857137,-0.1522,-0.9783,0.1353,0.0367
406,1048682.0,806.68855,1.0,-0.65,3.82,-8.87,-4.75,-31.06,30.25,-10.63,-12.88,-1.25,-0.5096398785771785,0.776592267118208,0.1718707267205115,-155.91878451766874,15.679165793853409,4.733977821845079,-0.1523,-0.978,0.1364,0.0413
407,1048682.0,806.68855,1.0,-0.65,3.82,-8.87,-4.75,-31.06,30.25,-10.63,-12.88,-1.25,-0.5096398785771785,0.776592267118208,0.1718707267205115,-155.91878451766874,15.679165793853409,4.733977821845079,-0.1523,-0.978,0.1364,0.0413
408,1048719.0,806.727102,1.0,-0.3,2.61,-9.23,-4.75,-31.87,30.19,8.75,9.44,-5.25,0.15600218886100714,-0.3392142498951312,0.21730189860443616,-156.13951067883625,15.424724640986323,4.573417240623146,-0.1523,-0.9784,0.1342,0.0399
409,1048719.0,806.727102,1.0,-0.3,2.61,-9.23,-4.75,-31.87,30.19,8.75,9.44,-5.25,0.15600218886100714,-0.3392142498951312,0.21730189860443616,-156.13951067883625,15.424724640986323,4.573417240623146,-0.1523,-0.9784,0.1342,0.0399
410,1048752.0,806.77617,1.0,0.11,3.22,-9.82,-4.75,-31.87,30.19,4.38,-4.0,-2.31,0.4526473460376437,0.15083986946960562,-0.5173636436321853,-156.19500732541925,15.28597088065223,4.4587366294239885,-0.1528,-0.9785,0.133,0.0389
411,1048752.0,806.77617,1.0,0.11,3.22,-9.82,-4.75,-31.87,30.19,4.38,-4.0,-2.31,0.4526473460376437,0.15083986946960562,-0.5173636436321853,-156.19500732541925,15.28597088065223,4.4587366294239885,-0.1528,-0.9785,0.133,0.0389
412,1048786.0,806.834721,1.0,-1.1,3.23,-8.72,-4.06,-31.06,32.25,-1.75,-6.81,-8.31,-0.7882895572844854,0.17256451341004356,0.4776564282052487,-156.36226771891504,15.054764601110485,4.768384859798278,-0.1521,-0.9788,0.131,0.0416
413,1048786.0,806.834721,1.0,-1.1,3.23,-8.72,-4.06,-31.06,32.25,-1.75,-6.81,-8.31,-0.7882895572844854,0.17256451341004356,0.4776564282052487,-156.36226771891504,15.054764601110485,4.768384859798278,-0.1521,-0.9788,0.131,0.0416
414,1048823.0,806.842392,1.0,0.03,2.83,-9.82,-4.75,-31.0,29.75,4.38,15.19,-4.69,0.4785401194079876,-0.20141760032563213,-0.3998494148040823,-156.6436585308699,14.765843296845908,4.447268815934101,-0.1515,-0.9793,0.1285,0.0388
415,1048823.0,806.842392,1.0,0.03,2.83,-9.82,-4.75,-31.0,29.75,4.38,15.19,-4.69,0.4785401194079876,-0.20141760032563213,-0.3998494148040823,-156.6436585308699,14.765843296845908,4.447268815934101,-0.1515,-0.9793,0.1285,0.0388
416,1048858.0,806.876903,1.0,-0.05,2.76,-9.75,-4.75,-31.87,31.0,8.06,-19.94,3.69,0.4549343065953298,-0.22597190483222246,-0.3138525307496014,-156.6436585308699,14.881400387429185,4.745446786894516,-0.1498,-0.9793,0.1295,0.0414
417,1048858.0,806.876903,1.0,-0.05,2.76,-9.75,-4.75,-31.87,31.0,8.06,-19.94,3.69,0.4549343065953298,-0.22597190483222246,-0.3138525307496014,-156.6436585308699,14.881400387429185,4.745446786894516,-0.1498,-0.9793,0.1295,0.0414
418,1048893.0,806.928765,1.0,-0.35,2.53,-9.44,-4.75,-31.87,31.0,-23.0,24.31,-15.63,0.1940005272344576,-0.4852630011819582,0.04120666059565714,-156.58711361479934,14.638747929971785,4.733977821845079,-0.1527,-0.9792,0.1274,0.0413
419,1048893.0,806.928765,1.0,-0.35,2.53,-9.44,-4.75,-31.87,31.0,-23.0,24.31,-15.63,0.1940005272344576,-0.4852630011819582,0.04120666059565714,-156.58711361479934,14.638747929971785,4.733977821845079,-0.1527,-0.9792,0.1274,0.0413
420,1048930.0,806.951349,1.0,-0.92,3.28,-8.5,-4.06,-30.69,30.19,-35.25,19.87,-5.75,-0.6963342221699564,0.02177459949227734,0.6759630314388723,-155.70003388404493,13.738036026791262,3.988591587846416,-0.1697,-0.9776,0.1196,0.0348
421,1048930.0,806.951349,1.0,-0.92,3.28,-8.5,-4.06,-30.69,30.19,-35.25,19.87,-5.75,-0.6963342221699564,0.02177459949227734,0.6759630314388723,-155.70003388404493,13.738036026791262,3.988591587846416,-0.1697,-0.9776,0.1196,0.0348
422,1048965.0,806.99303,1.0,-0.68,4.94,-8.88,-4.5,-32.19,30.69,-2.13,-27.37,4.94,-0.7608453218391468,1.4395440620002515,-0.2466692175418021,-155.3754969883622,13.93427040697098,4.206454848857137,-0.1714,-0.977,0.1213,0.0367
423,1048965.0,806.99303,1.0,-0.68,4.94,-8.88,-4.5,-32.19,30.69,-2.13,-27.37,4.94,-0.7608453218391468,1.4395440620002515,-0.2466692175418021,-155.3754969883622,13.93427040697098,4.206454848857137,-0.1714,-0.977,0.1213,0.0367
424,1048999.0,807.030443,1.0,-1.67,3.72,-7.59,-4.5,-32.19,30.69,25.31,15.25,-10.5,-1.5454194765363969,0.6376186053986591,1.3544005268957289,-156.02889725740351,13.957359493385505,4.6536963885673295,-0.1636,-0.9782,0.1215,0.0406
425,1048999.0,807.030443,1.0,-1.67,3.72,-7.59,-4.5,-32.19,30.69,25.31,15.25,-10.5,-1.5454194765363969,0.6376186053986591,1.3544005268957289,-156.02889725740351,13.957359493385505,4.6536963885673295,-0.1636,-0.9782,0.1215,0.0406
426,1049034.0,807.0428360000001,1.0,0.36,2.34,-10.18,-5.56,-32.5,29.25,-14.25,42.06,-9.63,0.8524877121347723,-0.9651123861471492,-0.5654000761789906,-156.30638493987288,13.645704477358525,3.5987664920103746,-0.1644,-0.9787,0.1188,0.0314
427,1049034.0,807.0428360000001,1.0,0.36,2.34,-10.18,-5.56,-32.5,29.25,-14.25,42.06,-9.63,0.8524877121347723,-0.9651123861471492,-0.5654000761789906,-156.30638493987288,13.645704477358525,3.5987664920103746,-0.1644,-0.9787,0.1188,0.0314
