,TIME,ELAPSED_SECONDS,PSTATE,acc_x,acc_y,acc_z,mag_x,mag_y,mag_z,gyr_x,gyr_y,gyr_z,lin_x,lin_y,lin_z,eul_x,eul_y,eul_z,qua_w,qua_x,qua_y,qua_z
0,1802211.0,1250.709695,1.0,0.2,6.7,-6.91,14.0,-35.19,18.5,0.63,0.12,-0.25,-0.0067036641792816995,-0.02298174343554393,0.1797332090250574,-115.79527299684044,-44.04862567408432,-18.646004953165537,-0.34,-0.8471,-0.375,-0.162
1,1802211.0,1250.709695,1.0,0.2,6.7,-6.91,14.0,-35.19,18.5,0.63,0.12,-0.25,-0.0067036641792816995,-0.02298174343554393,0.1797332090250574,-115.79527299684044,-44.04862567408432,-18.646004953165537,-0.34,-0.8471,-0.375,-0.162
2,1802246.0,1250.749276,1.0,0.15,6.78,-6.82,13.56,-35.19,17.25,0.63,2.5,0.37,0.04586445104213888,0.09700693085260692,0.18938499858212587,-115.77371350268422,-44.060987161952966,-18.68084346973021,-0.3399,-0.847,-0.3751,-0.1623
3,1802246.0,1250.749276,1.0,0.15,6.78,-6.82,13.56,-35.19,17.25,0.63,2.5,0.37,0.04586445104213888,0.09700693085260692,0.18938499858212587,-115.77371350268422,-44.060987161952966,-18.68084346973021,-0.3399,-0.847,-0.3751,-0.1623
4,1802280.0,1250.757025,1.0,0.25,6.95,-7.02,13.56,-35.19,17.25,-1.25,4.44,0.5,0.08535629558592372,0.026114709642305996,-0.0745155347304145,-115.75216046951117,-44.098074864095786,-18.785369486689323,-0.3395,-0.8469,-0.3754,-0.1632
5,1802280.0,1250.757025,1.0,0.25,6.95,-7.02,13.56,-35.19,17.25,-1.25,4.44,0.5,0.08535629558592372,0.026114709642305996,-0.0745155347304145,-115.75216046951117,-44.098074864095786,-18.785369486689323,-0.3395,-0.8469,-0.3754,-0.1632
6,1802317.0,1250.776136,1.0,0.36,6.79,-7.24,14.38,-35.19,18.69,0.12,1.25,0.37,-0.0519908320738538,-0.2162511962486091,-0.12319553623576772,-115.73061389075428,-44.147532698220644,-18.901528010085144,-0.3388,-0.8468,-0.3758,-0.1642
7,1802317.0,1250.776136,1.0,0.36,6.79,-7.24,14.38,-35.19,18.69,0.12,1.25,0.37,-0.0519908320738538,-0.2162511962486091,-0.12319553623576772,-115.73061389075428,-44.147532698220644,-18.901528010085144,-0.3388,-0.8468,-0.3758,-0.1642
8,1802350.0,1250.779266,1.0,0.21,6.83,-6.93,14.38,-35.56,18.19,-0.75,0.94,0.06,0.028627571683408792,0.05491193677165018,0.07453485778453306,-115.70907375985723,-44.147532698220644,-18.93637938388069,-0.3389,-0.8467,-0.3758,-0.1645
9,1802350.0,1250.779266,1.0,0.21,6.83,-6.93,14.38,-35.56,18.19,-0.75,0.94,0.06,0.028627571683408792,0.05491193677165018,0.07453485778453306,-115.70907375985723,-44.147532698220644,-18.93637938388069,-0.3389,-0.8467,-0.3758,-0.1645
10,1802387.0,1250.7823,1.0,0.36,6.93,-7.04,14.38,-35.56,18.19,-0.56,4.13,0.31,0.11325218103481773,-0.04514481223945,-0.07774355192915827,-115.68754007027454,-44.17226486112258,-19.029325032716933,-0.3384,-0.8466,-0.376,-0.1653
11,1802387.0,1250.7823,1.0,0.36,6.93,-7.04,14.38,-35.56,18.19,-0.56,4.13,0.31,0.11325218103481773,-0.04514481223945,-0.07774355192915827,-115.68754007027454,-44.17226486112258,-19.029325032716933,-0.3384,-0.8466,-0.376,-0.1653
12,1802422.0,1250.868821,1.0,0.36,6.84,-7.18,14.38,-35.56,16.87,0.37,3.31,0.5,-0.023155572631902818,-0.13927400004486312,-0.11542975035312784,-115.64449198892322,-44.209367167614204,-19.157145947707967,-0.33799999999999997,-0.8464,-0.3763,-0.1664
13,1802422.0,1250.868821,1.0,0.36,6.84,-7.18,14.38,-35.56,16.87,0.37,3.31,0.5,-0.023155572631902818,-0.13927400004486312,-0.11542975035312784,-115.64449198892322,-44.209367167614204,-19.157145947707967,-0.33799999999999997,-0.8464,-0.3763,-0.1664
14,1802457.0,1250.874853,1.0,0.34,6.79,-7.1,15.06,-35.56,17.25,-2.0,3.5,1.0,-0.0327836773682606,-0.10799242714099666,-0.02274280251727845,-115.6229775841169,-44.22173568720945,-19.250121718432275,-0.33799999999999997,-0.8463,-0.3764,-0.1672
15,1802457.0,1250.874853,1.0,0.34,6.79,-7.1,15.06,-35.56,17.25,-2.0,3.5,1.0,-0.0327836773682606,-0.10799242714099666,-0.02274280251727845,-115.6229775841169,-44.22173568720945,-19.250121718432275,-0.33799999999999997,-0.8463,-0.3764,-0.1672
16,1802491.0,1250.930034,1.0,0.2,6.83,-6.69,15.06,-35.56,17.25,-0.81,0.44,0.88,0.10435845080482786,0.20116674799529746,0.24664784240366264,-115.57996801372805,-44.209367167614204,-19.319861939553064,-0.3381,-0.8461,-0.3763,-0.1678
17,1802491.0,1250.930034,1.0,0.2,6.83,-6.69,15.06,-35.56,17.25,-0.81,0.44,0.88,0.10435845080482786,0.20116674799529746,0.24664784240366264,-115.57996801372805,-44.209367167614204,-19.319861939553064,-0.3381,-0.8461,-0.3763,-0.1678
18,1802526.0,1250.949318,1.0,0.28,6.66,-6.98,13.56,-35.88,17.75,-1.5,3.81,1.88,-0.10650603514870773,-0.06242602294360955,0.1557868543463261,-115.5369840524082,-44.19699919021153,-19.447737797457524,-0.33799999999999997,-0.8459,-0.3762,-0.1689
19,1802526.0,1250.949318,1.0,0.28,6.66,-6.98,13.56,-35.88,17.75,-1.5,3.81,1.88,-0.10650603514870773,-0.06242602294360955,0.1557868543463261,-115.5369840524082,-44.19699919021153,-19.447737797457524,-0.33799999999999997,-0.8459,-0.3762,-0.1689
20,1802561.0,1250.9549220000001,1.0,0.31,6.78,-6.81,13.19,-35.56,17.37,-2.06,5.56,1.5,0.04013866045748782,0.0572058523543113,0.19230049634697546,-115.472556014324,-44.19699919021153,-19.633782752905432,-0.3381,-0.8456,-0.3762,-0.1705
21,1802561.0,1250.9549220000001,1.0,0.31,6.78,-6.81,13.19,-35.56,17.37,-2.06,5.56,1.5,0.04013866045748782,0.0572058523543113,0.19230049634697546,-115.472556014324,-44.19699919021153,-19.633782752905432,-0.3381,-0.8456,-0.3762,-0.1705
22,1802596.0,1251.0422449999999,1.0,0.39,6.84,-6.85,14.38,-35.88,17.25,-3.38,2.5,2.19,0.07086534806140897,0.020011824286846117,0.1187824519101266,-115.45109275023191,-44.147532698220644,-19.83151281371854,-0.3382,-0.8455,-0.3758,-0.1722
23,1802596.0,1251.0422449999999,1.0,0.39,6.84,-6.85,14.38,-35.88,17.25,-3.38,2.5,2.19,0.07086534806140897,0.020011824286846117,0.1187824519101266,-115.45109275023191,-44.147532698220644,-19.83151281371854,-0.3382,-0.8455,-0.3758,-0.1722
24,1802631.0,1251.054427,1.0,0.32,6.66,-6.82,14.38,-35.88,17.25,-6.06,5.5,5.06,-0.08610524568575717,0.0039408384357986215,0.2691990640078341,-115.40818530642284,-44.060987161952966,-20.01766618340029,-0.3386,-0.8453,-0.3751,-0.1738
25,1802631.0,1251.054427,1.0,0.32,6.66,-6.82,14.38,-35.88,17.25,-6.06,5.5,5.06,-0.08610524568575717,0.0039408384357986215,0.2691990640078341,-115.40818530642284,-44.060987161952966,-20.01766618340029,-0.3386,-0.8453,-0.3751,-0.1738
26,1802668.0,1251.102533,1.0,0.41,6.66,-6.55,14.0,-34.75,17.37,-2.38,11.31,5.31,0.05099522093684916,0.07751973220238995,0.4569125609827474,-115.30102772408483,-43.93739653048951,-20.459995384570266,-0.3389,-0.8448,-0.3741,-0.1776
27,1802668.0,1251.102533,1.0,0.41,6.66,-6.55,14.0,-34.75,17.37,-2.38,11.31,5.31,0.05099522093684916,0.07751973220238995,0.4569125609827474,-115.30102772408483,-43.93739653048951,-20.459995384570266,-0.3389,-0.8448,-0.3741,-0.1776
28,1802702.0,1251.121365,1.0,0.6,6.47,-6.37,14.0,-35.56,17.25,-6.25,13.44,4.94,0.12468480282294835,-0.04617683274976248,0.7082918294253631,-115.1726470817956,-43.93739653048951,-20.890980569305803,-0.3381,-0.8442,-0.3741,-0.1813
29,1802702.0,1251.121365,1.0,0.6,6.47,-6.37,14.0,-35.56,17.25,-6.25,13.44,4.94,0.12468480282294835,-0.04617683274976248,0.7082918294253631,-115.1726470817956,-43.93739653048951,-20.890980569305803,-0.3381,-0.8442,-0.3741,-0.1813
30,1802735.0,1251.164016,1.0,0.41,6.22,-5.73,14.0,-35.56,17.25,-1.12,14.44,9.81,0.16169234429935053,0.3019870476937694,1.3466228482220473,-115.1512723286105,-43.8262109221212,-21.473869337236096,-0.337,-0.8441,-0.3732,-0.1863
31,1802735.0,1251.164016,1.0,0.41,6.22,-5.73,14.0,-35.56,17.25,-1.12,14.44,9.81,0.16169234429935053,0.3019870476937694,1.3466228482220473,-115.1512723286105,-43.8262109221212,-21.473869337236096,-0.337,-0.8441,-0.3732,-0.1863
32,1802770.0,1251.1715800000002,1.0,0.82,6.09,-5.84,12.5,-35.88,17.69,-5.56,21.62,12.19,0.1957157685153872,-0.03742394841269325,1.3316045850161,-115.0871856928756,-43.65334169783373,-22.372624603038307,-0.3348,-0.8438,-0.3718,-0.19399999999999998
33,1802770.0,1251.1715800000002,1.0,0.82,6.09,-5.84,12.5,-35.88,17.69,-5.56,21.62,12.19,0.1957157685153872,-0.03742394841269325,1.3316045850161,-115.0871856928756,-43.65334169783373,-22.372624603038307,-0.3348,-0.8438,-0.3718,-0.19399999999999998
34,1802807.0,1251.223739,1.0,1.0,5.7,-5.48,11.69,-36.25,18.06,-18.19,33.31,10.38,0.20829378739741175,-0.1688529848640692,1.8411931789737164,-114.76759373176695,-43.579286875788114,-23.34297818708293,-0.3343,-0.8423,-0.3712,-0.2023
35,1802807.0,1251.223739,1.0,1.0,5.7,-5.48,11.69,-36.25,18.06,-18.19,33.31,10.38,0.20829378739741175,-0.1688529848640692,1.8411931789737164,-114.76759373176695,-43.579286875788114,-23.34297818708293,-0.3343,-0.8423,-0.3712,-0.2023
36,1802844.0,1251.231239,1.0,1.27,6.57,-5.45,11.69,-36.25,18.06,-39.56,44.81,13.0,0.5111616622686332,0.09569019616262507,1.1921356700226493,-113.58654197734043,-43.4312345665289,-25.47680417585264,-0.3383,-0.8367,-0.37,-0.2205
37,1802844.0,1251.231239,1.0,1.27,6.57,-5.45,11.69,-36.25,18.06,-39.56,44.81,13.0,0.5111616622686332,0.09569019616262507,1.1921356700226493,-113.58654197734043,-43.4312345665289,-25.47680417585264,-0.3383,-0.8367,-0.37,-0.2205
38,1802878.0,1251.331994,1.0,1.51,6.86,-5.64,11.38,-36.25,17.75,-29.81,48.38,20.12,0.4189084981699296,0.033323295516462625,0.8081665039804111,-112.75420115193157,-43.221624049321754,-27.242195772473625,-0.3398,-0.8327,-0.3683,-0.2355
39,1802878.0,1251.331994,1.0,1.51,6.86,-5.64,11.38,-36.25,17.75,-29.81,48.38,20.12,0.4189084981699296,0.033323295516462625,0.8081665039804111,-112.75420115193157,-43.221624049321754,-27.242195772473625,-0.3398,-0.8327,-0.3683,-0.2355
40,1802913.0,1251.342692,1.0,1.49,7.02,-5.55,9.88,-37.38,16.06,-25.81,46.94,22.56,0.2172013753211441,0.2826444930093168,0.7415556456576179,-112.05379617607242,-42.667502601243356,-29.428677083635286,-0.3398,-0.8293,-0.3638,-0.254
41,1802913.0,1251.342692,1.0,1.49,7.02,-5.55,9.88,-37.38,16.06,-25.81,46.94,22.56,0.2172013753211441,0.2826444930093168,0.7415556456576179,-112.05379617607242,-42.667502601243356,-29.428677083635286,-0.3398,-0.8293,-0.3638,-0.254
42,1802948.0,1251.345636,1.0,2.54,7.54,-6.36,9.06,-37.5,16.19,-29.81,56.0,26.31,0.228977878268237,-0.4639584501956256,-0.3661132277447532,-111.2987386824523,-42.34782086095775,-31.328533702747045,-0.3392,-0.8256,-0.3612,-0.27
43,1802948.0,1251.345636,1.0,2.54,7.54,-6.36,9.06,-37.5,16.19,-29.81,56.0,26.31,0.228977878268237,-0.4639584501956256,-0.3661132277447532,-111.2987386824523,-42.34782086095775,-31.328533702747045,-0.3392,-0.8256,-0.3612,-0.27
44,1802983.0,1251.39467,1.0,2.72,7.91,-6.48,9.06,-37.5,16.19,-32.19,49.31,25.69,-0.028312145502288333,-0.3177875347116359,-0.7695075964619118,-110.22967237255024,-41.80760523510253,-33.83566809114509,-0.3394,-0.8203,-0.3568,-0.29100000000000004
45,1802983.0,1251.39467,1.0,2.72,7.91,-6.48,9.06,-37.5,16.19,-32.19,49.31,25.69,-0.028312145502288333,-0.3177875347116359,-0.7695075964619118,-110.22967237255024,-41.80760523510253,-33.83566809114509,-0.3394,-0.8203,-0.3568,-0.29100000000000004
46,1803020.0,1251.459174,1.0,2.32,7.91,-5.59,6.5,-39.38,15.69,-29.06,45.56,24.31,0.11020215219693297,0.3970853018113232,-0.14467045251968536,-109.63083923692189,-41.182660023882,-35.42008094609324,-0.3401,-0.8173,-0.3517,-0.3042
47,1803020.0,1251.459174,1.0,2.32,7.91,-5.59,6.5,-39.38,15.69,-29.06,45.56,24.31,0.11020215219693297,0.3970853018113232,-0.14467045251968536,-109.63083923692189,-41.182660023882,-35.42008094609324,-0.3401,-0.8173,-0.3517,-0.3042
48,1803057.0,1251.475791,1.0,2.92,8.0,-5.76,6.5,-39.75,14.88,-26.56,50.31,27.75,-0.032634902124724974,0.069833095792323,-0.4743060986269842,-108.60323493215937,-40.6200807923672,-37.822115366775535,-0.33899999999999997,-0.8121,-0.3471,-0.3241
49,1803057.0,1251.475791,1.0,2.92,8.0,-5.76,6.5,-39.75,14.88,-26.56,50.31,27.75,-0.032634902124724974,0.069833095792323,-0.4743060986269842,-108.60323493215937,-40.6200807923672,-37.822115366775535,-0.33899999999999997,-0.8121,-0.3471,-0.3241
50,1803091.0,1251.521602,1.0,2.9,7.9,-5.05,6.5,-39.75,14.88,-23.31,45.94,25.5,0.20704118058462528,0.37813374295188973,0.0017201776104815991,-107.8992703852027,-40.204918245995174,-39.522316021456795,-0.3375,-0.8085,-0.3437,-0.3381
51,1803091.0,1251.521602,1.0,2.9,7.9,-5.05,6.5,-39.75,14.88,-23.31,45.94,25.5,0.20704118058462528,0.37813374295188973,0.0017201776104815991,-107.8992703852027,-40.204918245995174,-39.522316021456795,-0.3375,-0.8085,-0.3437,-0.3381
52,1803124.0,1251.540828,1.0,2.93,8.07,-4.95,3.5,-39.38,14.88,-30.12,57.31,23.81,-0.025473969945224884,0.6138363588273092,-0.08450038817209027,-106.64302990624313,-39.68064610609173,-41.99165970563765,-0.3365,-0.802,-0.3394,-0.3583
53,1803124.0,1251.540828,1.0,2.93,8.07,-4.95,3.5,-39.38,14.88,-30.12,57.31,23.81,-0.025473969945224884,0.6138363588273092,-0.08450038817209027,-106.64302990624313,-39.68064610609173,-41.99165970563765,-0.3365,-0.802,-0.3394,-0.3583
54,1803159.0,1251.587239,1.0,3.83,8.42,-5.37,3.06,-40.06,14.06,-23.62,49.5,24.31,-0.09474979825637876,0.09546020232858153,-0.8884007163594987,-105.70811662886265,-39.327556017124884,-43.81385964623059,-0.3348,-0.7971,-0.3365,-0.3731
55,1803159.0,1251.587239,1.0,3.83,8.42,-5.37,3.06,-40.06,14.06,-23.62,49.5,24.31,-0.09474979825637876,0.09546020232858153,-0.8884007163594987,-105.70811662886265,-39.327556017124884,-43.81385964623059,-0.3348,-0.7971,-0.3365,-0.3731
56,1803196.0,1251.6522949999999,1.0,3.94,8.08,-5.17,0.06,-39.69,13.75,-10.19,38.63,21.81,-0.2511160141793849,0.03992992913088056,-0.5603286508983539,-104.89590236711722,-38.950544217121674,-45.67265480727474,-0.3311,-0.7928,-0.3334,-0.3881
57,1803196.0,1251.6522949999999,1.0,3.94,8.08,-5.17,0.06,-39.69,13.75,-10.19,38.63,21.81,-0.2511160141793849,0.03992992913088056,-0.5603286508983539,-104.89590236711722,-38.950544217121674,-45.67265480727474,-0.3311,-0.7928,-0.3334,-0.3881
58,1803231.0,1251.671918,1.0,4.04,7.97,-4.94,0.06,-39.69,13.75,-12.81,37.38,21.06,-0.292435344272002,0.1164767730323093,-0.39859447187643227,-104.14702125080771,-38.57397055139104,-47.40653562717492,-0.3273,-0.7888,-0.3303,-0.402
59,1803231.0,1251.671918,1.0,4.04,7.97,-4.94,0.06,-39.69,13.75,-12.81,37.38,21.06,-0.292435344272002,0.1164767730323093,-0.39859447187643227,-104.14702125080771,-38.57397055139104,-47.40653562717492,-0.3273,-0.7888,-0.3303,-0.402
60,1803268.0,1251.674999,1.0,4.37,7.8,-4.75,0.19,-40.38,12.38,-18.44,39.25,18.44,-0.22790037776420904,-0.09173551945528667,-0.31456761510368914,-103.45985596974184,-38.28272700926836,-48.74911561441486,-0.3253,-0.7851,-0.3279,-0.4127
61,1803268.0,1251.674999,1.0,4.37,7.8,-4.75,0.19,-40.38,12.38,-18.44,39.25,18.44,-0.22790037776420904,-0.09173551945528667,-0.31456761510368914,-103.45985596974184,-38.28272700926836,-48.74911561441486,-0.3253,-0.7851,-0.3279,-0.4127
62,1803304.0,1251.719499,1.0,4.44,8.21,-4.2,-1.37,-40.06,11.56,-21.62,37.5,16.75,0.08735805320972423,0.3199333522808607,-0.4230963908269861,-102.42963728896295,-37.79789028318413,-50.503960586262394,-0.3246,-0.7795,-0.3239,-0.4266
63,1803304.0,1251.719499,1.0,4.44,8.21,-4.2,-1.37,-40.06,11.56,-21.62,37.5,16.75,0.08735805320972423,0.3199333522808607,-0.4230963908269861,-102.42963728896295,-37.79789028318413,-50.503960586262394,-0.3246,-0.7795,-0.3239,-0.4266
64,1803339.0,1251.7381369999998,1.0,4.9,7.85,-4.5,-1.37,-40.06,11.56,-2.81,34.81,17.25,-0.2209358484263746,-0.21027069418908173,-0.4787509929630538,-101.86426876300013,-37.664683622171815,-51.659688661303676,-0.3211,-0.7764,-0.3228,-0.4357
65,1803339.0,1251.7381369999998,1.0,4.9,7.85,-4.5,-1.37,-40.06,11.56,-2.81,34.81,17.25,-0.2209358484263746,-0.21027069418908173,-0.4787509929630538,-101.86426876300013,-37.664683622171815,-51.659688661303676,-0.3211,-0.7764,-0.3228,-0.4357
66,1803372.0,1251.7805210000001,1.0,5.55,8.51,-4.99,-2.5,-40.88,12.06,-11.81,26.12,18.5,-0.4506398700106316,-0.2926790201372205,-1.49971823647312,-101.30231586461944,-37.277472623411406,-52.96186978619433,-0.3177,-0.7733,-0.3196,-0.4459
67,1803372.0,1251.7805210000001,1.0,5.55,8.51,-4.99,-2.5,-40.88,12.06,-11.81,26.12,18.5,-0.4506398700106316,-0.2926790201372205,-1.49971823647312,-101.30231586461944,-37.277472623411406,-52.96186978619433,-0.3177,-0.7733,-0.3196,-0.4459
68,1803409.0,1251.8397519999999,1.0,6.04,9.04,-5.11,-3.88,-40.06,11.5,-3.0,10.5,11.88,-0.34763316751185513,-0.3049866742383021,-2.197575685540185,-101.12175699059144,-37.02360533619834,-53.525866533741606,-0.3161,-0.7723,-0.3175,-0.4503
69,1803409.0,1251.8397519999999,1.0,6.04,9.04,-5.11,-3.88,-40.06,11.5,-3.0,10.5,11.88,-0.34763316751185513,-0.3049866742383021,-2.197575685540185,-101.12175699059144,-37.02360533619834,-53.525866533741606,-0.3161,-0.7723,-0.3175,-0.4503
70,1803444.0,1251.858635,1.0,6.1,8.92,-5.12,-3.88,-41.69,10.5,3.13,-3.5,-1.63,-0.3433129381283846,-0.4113315846700232,-2.139217174632675,-101.24811180991699,-36.93902480540506,-53.461705766242936,-0.3158,-0.773,-0.3168,-0.4498
71,1803444.0,1251.858635,1.0,6.1,8.92,-5.12,-3.88,-41.69,10.5,3.13,-3.5,-1.63,-0.3433129381283846,-0.4113315846700232,-2.139217174632675,-101.24811180991699,-36.93902480540506,-53.461705766242936,-0.3158,-0.773,-0.3168,-0.4498
72,1803479.0,1251.921067,1.0,5.5,8.49,-4.83,-3.88,-41.69,10.5,0.81,-16.19,-11.75,-0.3484724525312697,-0.21024101762713787,-1.39573214239873,-101.39272551986973,-37.05986053192884,-53.02589040849175,-0.3178,-0.7738,-0.3178,-0.4464
73,1803479.0,1251.921067,1.0,5.5,8.49,-4.83,-3.88,-41.69,10.5,0.81,-16.19,-11.75,-0.3484724525312697,-0.21024101762713787,-1.39573214239873,-101.39272551986973,-37.05986053192884,-53.02589040849175,-0.3178,-0.7738,-0.3178,-0.4464
74,1803515.0,1251.9262800000001,1.0,5.18,8.42,-4.38,-3.88,-41.69,10.0,2.44,-22.19,-15.94,0.03691420492634978,-0.026213411802137543,-1.0058959628394801,-101.80973815523876,-37.14447095017847,-52.04193081398262,-0.3221,-0.7761,-0.3185,-0.4387
75,1803515.0,1251.9262800000001,1.0,5.18,8.42,-4.38,-3.88,-41.69,10.0,2.44,-22.19,-15.94,0.03691420492634978,-0.026213411802137543,-1.0058959628394801,-101.80973815523876,-37.14447095017847,-52.04193081398262,-0.3221,-0.7761,-0.3185,-0.4387
76,1803550.0,1251.97043,1.0,4.86,8.43,-4.41,-3.5,-42.0,11.25,7.94,-26.94,-22.37,0.01031939921205205,0.1060542200929806,-0.8761046078902499,-102.10093856551023,-37.45892253150342,-51.125583264636,-0.3253,-0.7777,-0.3211,-0.4315
77,1803550.0,1251.97043,1.0,4.86,8.43,-4.41,-3.5,-42.0,11.25,7.94,-26.94,-22.37,0.01031939921205205,0.1060542200929806,-0.8761046078902499,-102.10093856551023,-37.45892253150342,-51.125583264636,-0.3253,-0.7777,-0.3211,-0.4315
78,1803585.0,1251.988958,1.0,4.66,8.36,-4.52,-3.5,-42.0,11.25,12.44,-30.94,-24.0,0.03815751568648995,0.03720310819889061,-0.7779028924341898,-102.64942299100883,-38.0038595239246,-49.65654846766405,-0.3289,-0.7807,-0.3256,-0.4199
79,1803585.0,1251.988958,1.0,4.66,8.36,-4.52,-3.5,-42.0,11.25,12.44,-30.94,-24.0,0.03815751568648995,0.03720310819889061,-0.7779028924341898,-102.64942299100883,-38.0038595239246,-49.65654846766405,-0.3289,-0.7807,-0.3256,-0.4199
80,1803620.0,1252.032742,1.0,4.31,8.13,-4.61,-3.19,-40.88,10.38,29.0,-31.44,-24.87,-0.023518899865673012,0.05563985833393836,-0.4851647606490488,-103.29349693464754,-38.48899785121896,-48.296621479022534,-0.3301,-0.7842,-0.3296,-0.4091
81,1803620.0,1252.032742,1.0,4.31,8.13,-4.61,-3.19,-40.88,10.38,29.0,-31.44,-24.87,-0.023518899865673012,0.05563985833393836,-0.4851647606490488,-103.29349693464754,-38.48899785121896,-48.296621479022534,-0.3301,-0.7842,-0.3296,-0.4091
82,1803657.0,1252.091599,1.0,4.07,8.06,-4.7,-1.25,-40.88,11.69,33.06,-34.5,-15.94,0.10202364894589566,0.1147741784301326,-0.3715088739330188,-104.40841146453569,-39.120753020773094,-46.494530291688996,-0.3281,-0.7902,-0.3348,-0.3947
83,1803657.0,1252.091599,1.0,4.07,8.06,-4.7,-1.25,-40.88,11.69,33.06,-34.5,-15.94,0.10202364894589566,0.1147741784301326,-0.3715088739330188,-104.40841146453569,-39.120753020773094,-46.494530291688996,-0.3281,-0.7902,-0.3348,-0.3947
84,1803692.0,1252.09609,1.0,3.78,7.78,-4.78,-1.25,-40.88,11.69,32.38,-34.5,-18.5,0.07622294250869932,0.12400398873732987,-0.07484852369632122,-105.29162283128352,-39.5953816587114,-45.08889233071614,-0.326,-0.7949,-0.3387,-0.3834
85,1803692.0,1252.09609,1.0,3.78,7.78,-4.78,-1.25,-40.88,11.69,32.38,-34.5,-18.5,0.07622294250869932,0.12400398873732987,-0.07484852369632122,-105.29162283128352,-39.5953816587114,-45.08889233071614,-0.326,-0.7949,-0.3387,-0.3834
86,1803726.0,1252.152166,1.0,3.58,7.53,-4.94,-0.19,-40.5,12.88,25.31,-30.44,-17.5,0.07335877242835043,0.02848696130868112,0.11568993489070326,-106.26020470831196,-40.22932427895751,-43.35723698802017,-0.3243,-0.8,-0.3439,-0.3694
87,1803726.0,1252.152166,1.0,3.58,7.53,-4.94,-0.19,-40.5,12.88,25.31,-30.44,-17.5,0.07335877242835043,0.02848696130868112,0.11568993489070326,-106.26020470831196,-40.22932427895751,-43.35723698802017,-0.3243,-0.8,-0.3439,-0.3694
88,1803761.0,1252.156685,1.0,3.32,7.47,-4.99,1.25,-40.19,14.19,27.37,-26.87,-17.19,0.1486097008811169,0.1242268826070796,0.23137544318222855,-107.0468533184743,-40.86455395752174,-41.84440708007335,-0.3224,-0.8041,-0.3491,-0.3571
89,1803761.0,1252.156685,1.0,3.32,7.47,-4.99,1.25,-40.19,14.19,27.37,-26.87,-17.19,0.1486097008811169,0.1242268826070796,0.23137544318222855,-107.0468533184743,-40.86455395752174,-41.84440708007335,-0.3224,-0.8041,-0.3491,-0.3571
90,1803798.0,1252.235749,1.0,3.22,7.69,-5.39,2.06,-39.75,13.75,23.37,-24.56,-21.31,0.033081353613823916,0.1535592743049352,-0.1196748573335551,-107.53011997485687,-41.29285086382844,-40.77896631080099,-0.322,-0.8066,-0.3526,-0.3484
91,1803798.0,1252.235749,1.0,3.22,7.69,-5.39,2.06,-39.75,13.75,23.37,-24.56,-21.31,0.033081353613823916,0.1535592743049352,-0.1196748573335551,-107.53011997485687,-41.29285086382844,-40.77896631080099,-0.322,-0.8066,-0.3526,-0.3484
92,1803833.0,1252.2388859999999,1.0,3.17,7.36,-5.57,2.06,-39.75,13.75,21.31,-25.37,-20.25,-0.0020578817386907033,-0.13014346461181825,0.048245497021984114,-108.07470230594728,-41.96711256530092,-39.31538744994931,-0.3215,-0.8094,-0.3581,-0.3364
93,1803833.0,1252.2388859999999,1.0,3.17,7.36,-5.57,2.06,-39.75,13.75,21.31,-25.37,-20.25,-0.0020578817386907033,-0.13014346461181825,0.048245497021984114,-108.07470230594728,-41.96711256530092,-39.31538744994931,-0.3215,-0.8094,-0.3581,-0.3364
94,1803870.0,1252.283432,1.0,2.86,7.36,-5.55,2.75,-39.38,15.88,21.62,-28.5,-21.5,0.03124977367768933,0.04160588521512487,0.15527743429927554,-108.46588317577202,-42.43385492531204,-38.197829443298346,-0.3218,-0.8114,-0.3619,-0.3272
95,1803870.0,1252.283432,1.0,2.86,7.36,-5.55,2.75,-39.38,15.88,21.62,-28.5,-21.5,0.03124977367768933,0.04160588521512487,0.15527743429927554,-108.46588317577202,-42.43385492531204,-38.197829443298346,-0.3218,-0.8114,-0.3619,-0.3272
96,1803905.0,1252.302347,1.0,2.72,7.11,-5.57,3.19,-39.38,15.88,20.81,-28.0,-16.25,0.08830208492646817,-0.06537183567085858,0.37461261325801054,-109.13518228345345,-42.93827474491775,-36.69748080490138,-0.3212,-0.8148,-0.366,-0.3148
97,1803905.0,1252.302347,1.0,2.72,7.11,-5.57,3.19,-39.38,15.88,20.81,-28.0,-16.25,0.08830208492646817,-0.06537183567085858,0.37461261325801054,-109.13518228345345,-42.93827474491775,-36.69748080490138,-0.3212,-0.8148,-0.366,-0.3148
98,1803939.0,1252.340739,1.0,2.59,7.23,-5.6,3.19,-39.38,15.88,18.37,-26.37,-21.94,0.20950996045223924,0.017419741871675498,0.30418704931903306,-109.45205367310278,-43.36956859779122,-35.63667282414923,-0.3214,-0.8164,-0.3695,-0.306
99,1803939.0,1252.340739,1.0,2.59,7.23,-5.6,3.19,-39.38,15.88,18.37,-26.37,-21.94,0.20950996045223924,0.017419741871675498,0.30418704931903306,-109.45205367310278,-43.36956859779122,-35.63667282414923,-0.3214,-0.8164,-0.3695,-0.306
100,1803974.0,1252.40973,1.0,2.49,6.81,-5.79,5.75,-38.25,16.69,17.5,-25.37,-17.75,0.051297967145383705,-0.2676436344268982,0.5316278758475459,-109.8498937322769,-43.92504042696694,-34.30308206548676,-0.3214,-0.8184,-0.374,-0.2949
101,1803974.0,1252.40973,1.0,2.49,6.81,-5.79,5.75,-38.25,16.69,17.5,-25.37,-17.75,0.051297967145383705,-0.2676436344268982,0.5316278758475459,-109.8498937322769,-43.92504042696694,-34.30308206548676,-0.3214,-0.8184,-0.374,-0.2949
102,1804009.0,1252.412981,1.0,2.34,7.23,-5.86,7.0,-38.25,17.5,10.13,-26.31,-12.56,0.22259721602251914,-0.024305585583322745,0.2130083703617256,-110.1295559906411,-44.15989850900582,-33.428651899003285,-0.3225,-0.8198,-0.3759,-0.2876
103,1804009.0,1252.412981,1.0,2.34,7.23,-5.86,7.0,-38.25,17.5,10.13,-26.31,-12.56,0.22259721602251914,-0.024305585583322745,0.2130083703617256,-110.1295559906411,-44.15989850900582,-33.428651899003285,-0.3225,-0.8198,-0.3759,-0.2876
104,1804046.0,1252.456092,1.0,2.26,6.98,-5.98,8.06,-38.25,17.19,13.63,-27.31,-11.94,0.1576837499187187,-0.2049229384756188,0.3450675517888069,-110.59113537677601,-44.37020029186166,-32.23403459047365,-0.3234,-0.8221,-0.3776,-0.2776
105,1804046.0,1252.456092,1.0,2.26,6.98,-5.98,8.06,-38.25,17.19,13.63,-27.31,-11.94,0.1576837499187187,-0.2049229384756188,0.3450675517888069,-110.59113537677601,-44.37020029186166,-32.23403459047365,-0.3234,-0.8221,-0.3776,-0.2776
106,1804079.0,1252.473293,1.0,2.19,6.94,-6.14,8.06,-38.25,17.19,13.81,-22.37,-11.25,0.10621417180462124,-0.274723975672857,0.2896890729551487,-110.87341536801529,-44.531125521078216,-31.43565821002521,-0.3239,-0.8235,-0.3789,-0.2709
107,1804079.0,1252.473293,1.0,2.19,6.94,-6.14,8.06,-38.25,17.19,13.81,-22.37,-11.25,0.10621417180462124,-0.274723975672857,0.2896890729551487,-110.87341536801529,-44.531125521078216,-31.43565821002521,-0.3239,-0.8235,-0.3789,-0.2709
108,1804115.0,1252.526862,1.0,2.23,7.07,-6.13,8.5,-37.19,18.5,7.25,-24.56,-9.25,0.33489750786719386,-0.3125383656856999,0.1980671997531882,-111.13643927299914,-44.7912774389752,-30.48441543516209,-0.3248,-0.8248,-0.381,-0.2629
109,1804115.0,1252.526862,1.0,2.23,7.07,-6.13,8.5,-37.19,18.5,7.25,-24.56,-9.25,0.33489750786719386,-0.3125383656856999,0.1980671997531882,-111.13643927299914,-44.7912774389752,-30.48441543516209,-0.3248,-0.8248,-0.381,-0.2629
110,1804150.0,1252.563725,1.0,2.01,6.96,-6.13,8.5,-37.19,16.37,8.63,-27.37,-8.94,0.26162701100477137,-0.2381621422325275,0.32332621025624064,-111.52245118481588,-44.70453316546126,-29.701259829199124,-0.3258,-0.8267,-0.3803,-0.2563
111,1804150.0,1252.563725,1.0,2.01,6.96,-6.13,8.5,-37.19,16.37,8.63,-27.37,-8.94,0.26162701100477137,-0.2381621422325275,0.32332621025624064,-111.52245118481588,-44.70453316546126,-29.701259829199124,-0.3258,-0.8267,-0.3803,-0.2563
112,1804185.0,1252.622133,1.0,1.89,6.47,-6.16,8.5,-37.19,16.37,9.94,-25.87,-8.75,0.08606315322103575,-0.4680040278140973,0.6878690856667989,-111.97181334084304,-44.71692355018706,-28.63559484770936,-0.3272,-0.8289,-0.3804,-0.2473
113,1804185.0,1252.622133,1.0,1.89,6.47,-6.16,8.5,-37.19,16.37,9.94,-25.87,-8.75,0.08606315322103575,-0.4680040278140973,0.6878690856667989,-111.97181334084304,-44.71692355018706,-28.63559484770936,-0.3272,-0.8289,-0.3804,-0.2473
114,1804220.0,1252.6461160000001,1.0,1.91,6.4,-6.37,10.0,-36.38,17.19,0.5,-25.12,-5.81,0.004700694590368149,-0.660672331266952,0.6007556939497327,-112.17693391272269,-44.65497713304196,-27.950176987884003,-0.3295,-0.8299,-0.3799,-0.2415
115,1804220.0,1252.6461160000001,1.0,1.91,6.4,-6.37,10.0,-36.38,17.19,0.5,-25.12,-5.81,0.004700694590368149,-0.660672331266952,0.6007556939497327,-112.17693391272269,-44.65497713304196,-27.950176987884003,-0.3295,-0.8299,-0.3799,-0.2415
116,1804257.0,1252.68784,1.0,1.96,6.01,-6.36,9.56,-36.75,17.19,-3.69,-29.12,2.25,-0.05046630245227601,-0.9783715404786824,0.8930905380847901,-112.58882301862495,-44.295958202894106,-27.03000922772236,-0.3335,-0.8319,-0.377,-0.2337
117,1804257.0,1252.68784,1.0,1.96,6.01,-6.36,9.56,-36.75,17.19,-3.69,-29.12,2.25,-0.05046630245227601,-0.9783715404786824,0.8930905380847901,-112.58882301862495,-44.295958202894106,-27.03000922772236,-0.3335,-0.8319,-0.377,-0.2337
118,1804292.0,1252.6953230000001,1.0,1.96,5.96,-6.54,9.56,-36.75,17.19,-3.75,-32.19,6.19,-0.13011661796442564,-1.1401610601136372,0.816772224260772,-112.9614299666055,-43.81385964623059,-26.35870385587789,-0.3372,-0.8337,-0.3731,-0.228
119,1804292.0,1252.6953230000001,1.0,1.96,5.96,-6.54,9.56,-36.75,17.19,-3.75,-32.19,6.19,-0.13011661796442564,-1.1401610601136372,0.816772224260772,-112.9614299666055,-43.81385964623059,-26.35870385587789,-0.3372,-0.8337,-0.3731,-0.228
120,1804324.0,1252.751647,1.0,1.81,6.32,-6.78,10.25,-37.88,18.0,-5.0,-38.06,11.0,-0.10747504804664908,-0.911867320919677,0.4075092359149064,-114.17471692174006,-42.74132469735878,-25.570799441600013,-0.3369,-0.8395,-0.3644,-0.2213
121,1804324.0,1252.751647,1.0,1.81,6.32,-6.78,10.25,-37.88,18.0,-5.0,-38.06,11.0,-0.10747504804664908,-0.911867320919677,0.4075092359149064,-114.17471692174006,-42.74132469735878,-25.570799441600013,-0.3369,-0.8395,-0.3644,-0.2213
122,1804361.0,1252.758241,1.0,1.43,6.55,-6.35,10.69,-37.5,18.5,-12.06,-38.19,13.25,0.0706231849062815,-0.3827220229112767,0.5806846727872195,-114.76759373176695,-41.96711256530092,-24.8662564695287,-0.3404,-0.8423,-0.3581,-0.2153
123,1804361.0,1252.758241,1.0,1.43,6.55,-6.35,10.69,-37.5,18.5,-12.06,-38.19,13.25,0.0706231849062815,-0.3827220229112767,0.5806846727872195,-114.76759373176695,-41.96711256530092,-24.8662564695287,-0.3404,-0.8423,-0.3581,-0.2153
124,1804398.0,1252.837548,1.0,1.14,7.27,-6.0,11.06,-37.19,17.56,-21.37,-31.94,11.63,0.3991010175737169,0.2188908115061734,0.3227001271669607,-115.04449255970869,-40.93793375462537,-24.186105170420962,-0.3494,-0.8436,-0.3497,-0.2095
125,1804398.0,1252.837548,1.0,1.14,7.27,-6.0,11.06,-37.19,17.56,-21.37,-31.94,11.63,0.3991010175737169,0.2188908115061734,0.3227001271669607,-115.04449255970869,-40.93793375462537,-24.186105170420962,-0.3494,-0.8436,-0.3497,-0.2095
126,1804431.0,1252.841155,1.0,1.23,6.89,-6.32,11.06,-37.19,17.56,-11.19,-35.31,13.69,0.1154755267474099,-0.2842126179189193,0.3815086965214096,-115.5369840524082,-39.86343282424955,-23.41318918903326,-0.3563,-0.8459,-0.3409,-0.2029
127,1804431.0,1252.841155,1.0,1.23,6.89,-6.32,11.06,-37.19,17.56,-11.19,-35.31,13.69,0.1154755267474099,-0.2842126179189193,0.3815086965214096,-115.5369840524082,-39.86343282424955,-23.41318918903326,-0.3563,-0.8459,-0.3409,-0.2029
128,1804468.0,1252.8868619999998,1.0,1.1,7.27,-6.28,10.56,-37.19,15.56,-14.81,-37.38,15.56,0.213376080779522,-0.05843665981098356,0.13957413369268146,-115.92476601153635,-38.950544217121674,-22.82836708787642,-0.3621,-0.8477,-0.3334,-0.1979
129,1804468.0,1252.8868619999998,1.0,1.1,7.27,-6.28,10.56,-37.19,15.56,-14.81,-37.38,15.56,0.213376080779522,-0.05843665981098356,0.13957413369268146,-115.92476601153635,-38.950544217121674,-22.82836708787642,-0.3621,-0.8477,-0.3334,-0.1979
130,1804503.0,1252.9464130000001,1.0,0.83,7.19,-5.96,10.25,-37.19,14.69,-8.38,-36.69,15.69,0.19271975852052087,0.18525844223087828,0.4346097523133725,-116.42333876589676,-38.04022025359053,-22.150726459273766,-0.3666,-0.85,-0.3259,-0.1921
131,1804503.0,1252.9464130000001,1.0,0.83,7.19,-5.96,10.25,-37.19,14.69,-8.38,-36.69,15.69,0.19271975852052087,0.18525844223087828,0.4346097523133725,-116.42333876589676,-38.04022025359053,-22.150726459273766,-0.3666,-0.85,-0.3259,-0.1921
132,1804537.0,1252.950287,1.0,0.26,7.17,-5.56,10.25,-37.19,14.69,-12.5,-35.44,18.0,0.003001660824127006,0.692500567693501,0.7562061460347973,-117.03506304367224,-36.830309031624424,-21.32226479540238,-0.3724,-0.8528,-0.3159,-0.185
133,1804537.0,1252.950287,1.0,0.26,7.17,-5.56,10.25,-37.19,14.69,-12.5,-35.44,18.0,0.003001660824127006,0.692500567693501,0.7562061460347973,-117.03506304367224,-36.830309031624424,-21.32226479540238,-0.3724,-0.8528,-0.3159,-0.185
134,1804572.0,1253.011614,1.0,0.46,7.57,-5.99,10.0,-37.88,14.25,-20.5,-24.81,20.06,0.002982286843681736,0.4562648215584666,0.15323539590402646,-117.3429325945059,-35.57649524988903,-20.937591354374124,-0.3794,-0.8542,-0.3055,-0.1817
135,1804572.0,1253.011614,1.0,0.46,7.57,-5.99,10.0,-37.88,14.25,-20.5,-24.81,20.06,0.002982286843681736,0.4562648215584666,0.15323539590402646,-117.3429325945059,-35.57649524988903,-20.937591354374124,-0.3794,-0.8542,-0.3055,-0.1817
136,1804609.0,1253.030374,1.0,0.46,7.48,-5.63,10.0,-39.0,14.69,-16.75,-22.44,21.81,0.10675082441987872,0.5533745867025512,0.4503002401696481,-117.56367389565743,-34.675036035061034,-20.727870288694774,-0.384,-0.8552,-0.298,-0.1799
137,1804609.0,1253.030374,1.0,0.46,7.48,-5.63,10.0,-39.0,14.69,-16.75,-22.44,21.81,0.10675082441987872,0.5533745867025512,0.4503002401696481,-117.56367389565743,-34.675036035061034,-20.727870288694774,-0.384,-0.8552,-0.298,-0.1799
138,1804644.0,1253.080976,1.0,0.33,7.51,-5.44,10.0,-39.0,14.69,-16.75,-17.56,24.5,0.04755831862736271,0.7159202955798869,0.5552827314982167,-117.74077335444635,-33.751834870470574,-20.623036118505983,-0.3884,-0.856,-0.2903,-0.179
139,1804644.0,1253.080976,1.0,0.33,7.51,-5.44,10.0,-39.0,14.69,-16.75,-17.56,24.5,0.04755831862736271,0.7159202955798869,0.5552827314982167,-117.74077335444635,-33.751834870470574,-20.623036118505983,-0.3884,-0.856,-0.2903,-0.179
140,1804679.0,1253.099564,1.0,0.72,7.81,-5.51,10.0,-37.88,13.38,-22.81,-17.87,23.94,0.2923619093093717,0.5406041299901139,0.2412502859983636,-117.89610796371052,-32.52040941662392,-20.669626923426364,-0.3943,-0.8567,-0.28,-0.1794
141,1804679.0,1253.099564,1.0,0.72,7.81,-5.51,10.0,-37.88,13.38,-22.81,-17.87,23.94,0.2923619093093717,0.5406041299901139,0.2412502859983636,-117.89610796371052,-32.52040941662392,-20.669626923426364,-0.3943,-0.8567,-0.28,-0.1794
142,1804713.0,1253.144949,1.0,0.07,8.08,-4.58,8.38,-38.25,12.06,-17.56,-15.38,21.69,0.23568038494462476,1.5775824650381582,0.6566014579344177,-118.02953078996279,-31.316632714824518,-20.681275164117206,-0.4,-0.8573,-0.2699,-0.1795
143,1804713.0,1253.144949,1.0,0.07,8.08,-4.58,8.38,-38.25,12.06,-17.56,-15.38,21.69,0.23568038494462476,1.5775824650381582,0.6566014579344177,-118.02953078996279,-31.316632714824518,-20.681275164117206,-0.4,-0.8573,-0.2699,-0.1795
144,1804750.0,1253.16459,1.0,0.24,7.96,-4.77,8.06,-39.0,13.0,-16.31,5.88,20.5,0.1250911263939054,1.3001617541184372,0.6161096664164969,-118.00727569803878,-30.710138215163173,-21.054133663315955,-0.402,-0.8572,-0.2648,-0.1827
145,1804750.0,1253.16459,1.0,0.24,7.96,-4.77,8.06,-39.0,13.0,-16.31,5.88,20.5,0.1250911263939054,1.3001617541184372,0.6161096664164969,-118.00727569803878,-30.710138215163173,-21.054133663315955,-0.402,-0.8572,-0.2648,-0.1827
146,1804783.0,1253.210525,1.0,0.34,8.71,-4.67,8.06,-39.0,13.0,-18.75,9.69,17.69,0.30016310011187786,1.6893303396390895,0.06782742656197094,-117.6743080222204,-30.10452391311007,-21.882225322200526,-0.4054,-0.8557,-0.2597,-0.1898
147,1804783.0,1253.210525,1.0,0.34,8.71,-4.67,8.06,-39.0,13.0,-18.75,9.69,17.69,0.30016310011187786,1.6893303396390895,0.06782742656197094,-117.6743080222204,-30.10452391311007,-21.882225322200526,-0.4054,-0.8557,-0.2597,-0.1898
148,1804820.0,1253.2296720000002,1.0,0.66,8.44,-5.04,7.19,-39.0,10.88,-6.56,20.87,14.88,0.16586307902642394,1.164967426329775,0.02472072533201697,-117.51946956763666,-29.86726387171145,-22.54786734834884,-0.4053,-0.855,-0.2577,-0.1955
149,1804820.0,1253.2296720000002,1.0,0.66,8.44,-5.04,7.19,-39.0,10.88,-6.56,20.87,14.88,0.16586307902642394,1.164967426329775,0.02472072533201697,-117.51946956763666,-29.86726387171145,-22.54786734834884,-0.4053,-0.855,-0.2577,-0.1955
150,1804857.0,1253.274165,1.0,0.74,8.89,-4.71,5.69,-39.0,11.56,-9.5,20.62,8.88,0.3916279646837457,1.5847949628138855,-0.14819065483307806,-117.166841303543,-29.760539648089328,-23.506817731301986,-0.4053,-0.8534,-0.2568,-0.2037
151,1804857.0,1253.274165,1.0,0.74,8.89,-4.71,5.69,-39.0,11.56,-9.5,20.62,8.88,0.3916279646837457,1.5847949628138855,-0.14819065483307806,-117.166841303543,-29.760539648089328,-23.506817731301986,-0.4053,-0.8534,-0.2568,-0.2037
152,1804892.0,1253.339275,1.0,0.94,8.65,-4.69,5.69,-39.0,11.56,-5.44,27.69,3.25,0.3965338655685062,1.2915470588666458,0.014976645144342271,-116.42333876589676,-30.021467926252928,-24.20954412674289,-0.408,-0.85,-0.259,-0.2097
153,1804892.0,1253.339275,1.0,0.94,8.65,-4.69,5.69,-39.0,11.56,-5.44,27.69,3.25,0.3965338655685062,1.2915470588666458,0.014976645144342271,-116.42333876589676,-30.021467926252928,-24.20954412674289,-0.408,-0.85,-0.259,-0.2097
154,1804924.0,1253.348386,1.0,1.19,8.53,-5.13,5.69,-39.5,12.38,-1.56,31.44,0.19,0.18773195481677885,0.8146914695573857,-0.18309146425076686,-115.64449198892322,-30.54380438300529,-25.28886585104528,-0.4079,-0.8464,-0.2634,-0.2189
155,1804924.0,1253.348386,1.0,1.19,8.53,-5.13,5.69,-39.5,12.38,-1.56,31.44,0.19,0.18773195481677885,0.8146914695573857,-0.18309146425076686,-115.64449198892322,-30.54380438300529,-25.28886585104528,-0.4079,-0.8464,-0.2634,-0.2189
156,1804961.0,1253.4050869999999,1.0,1.35,8.17,-5.44,5.38,-39.0,11.56,1.0,30.25,-3.69,-0.03562810658793003,0.38292332538202745,-0.09370859779328278,-115.23680905302649,-30.983545128924852,-26.029278313836883,-0.4058,-0.8445,-0.2671,-0.2252
157,1804961.0,1253.4050869999999,1.0,1.35,8.17,-5.44,5.38,-39.0,11.56,1.0,30.25,-3.69,-0.03562810658793003,0.38292332538202745,-0.09370859779328278,-115.23680905302649,-30.983545128924852,-26.029278313836883,-0.4058,-0.8445,-0.2671,-0.2252
158,1804996.0,1253.428422,1.0,1.56,7.99,-5.59,5.0,-39.38,11.69,-4.19,34.06,-7.75,-0.11758122026985075,0.08591023136008102,-0.06758891187505789,-114.4705595501544,-31.73337455864903,-27.065367073658553,-0.4043,-0.8409,-0.2734,-0.23399999999999999
159,1804996.0,1253.428422,1.0,1.56,7.99,-5.59,5.0,-39.38,11.69,-4.19,34.06,-7.75,-0.11758122026985075,0.08591023136008102,-0.06758891187505789,-114.4705595501544,-31.73337455864903,-27.065367073658553,-0.4043,-0.8409,-0.2734,-0.23399999999999999
160,1805031.0,1253.431568,1.0,2.03,8.2,-6.08,5.0,-39.38,11.69,-17.5,33.75,-14.13,-0.1354514653355554,-0.4301584211770506,-0.5916150780420573,-113.48199585621887,-32.36526393220739,-27.92656022686475,-0.4059,-0.8362,-0.2787,-0.2413
161,1805031.0,1253.431568,1.0,2.03,8.2,-6.08,5.0,-39.38,11.69,-17.5,33.75,-14.13,-0.1354514653355554,-0.4301584211770506,-0.5916150780420573,-113.48199585621887,-32.36526393220739,-27.92656022686475,-0.4059,-0.8362,-0.2787,-0.2413
162,1805068.0,1253.4693220000001,1.0,1.83,8.36,-5.45,5.38,-39.0,12.0,-7.81,29.06,-14.0,0.05532904909791592,0.05542827309174658,-0.3390321556200941,-112.30026879409438,-33.29706335021371,-28.848522447292034,-0.4076,-0.8305,-0.2865,-0.2491
163,1805068.0,1253.4693220000001,1.0,1.83,8.36,-5.45,5.38,-39.0,12.0,-7.81,29.06,-14.0,0.05532904909791592,0.05542827309174658,-0.3390321556200941,-112.30026879409438,-33.29706335021371,-28.848522447292034,-0.4076,-0.8305,-0.2865,-0.2491
164,1805103.0,1253.528975,1.0,2.01,8.22,-5.59,5.0,-39.75,9.88,-10.06,30.87,-15.5,-0.01240893275197008,-0.2441828884649939,-0.33222669987996944,-111.58357510903522,-33.90753998612701,-29.45237314889127,-0.408,-0.8270000000000001,-0.2916,-0.2542
165,1805103.0,1253.528975,1.0,2.01,8.22,-5.59,5.0,-39.75,9.88,-10.06,30.87,-15.5,-0.01240893275197008,-0.2441828884649939,-0.33222669987996944,-111.58357510903522,-33.90753998612701,-29.45237314889127,-0.408,-0.8270000000000001,-0.2916,-0.2542
166,1805137.0,1253.54632,1.0,2.2,8.41,-5.75,5.0,-39.75,9.88,-11.19,30.12,-20.5,-0.04047298174484948,-0.44865320646218004,-0.6062109055379157,-110.32991436609802,-34.903193986048876,-30.318170931025325,-0.4098,-0.8208,-0.2999,-0.2615
167,1805137.0,1253.54632,1.0,2.2,8.41,-5.75,5.0,-39.75,9.88,-11.19,30.12,-20.5,-0.04047298174484948,-0.44865320646218004,-0.6062109055379157,-110.32991436609802,-34.903193986048876,-30.318170931025325,-0.4098,-0.8208,-0.2999,-0.2615
168,1805172.0,1253.595767,1.0,2.21,8.48,-5.68,4.56,-40.5,9.5,-6.0,21.31,-18.75,-0.013705730251462269,-0.4528326157874876,-0.6265496422496089,-109.65072872045309,-35.408051904136364,-30.650725683430657,-0.4117,-0.8174,-0.3041,-0.2643
169,1805172.0,1253.595767,1.0,2.21,8.48,-5.68,4.56,-40.5,9.5,-6.0,21.31,-18.75,-0.013705730251462269,-0.4528326157874876,-0.6265496422496089,-109.65072872045309,-35.408051904136364,-30.650725683430657,-0.4117,-0.8174,-0.3041,-0.2643
170,1805209.0,1253.694165,1.0,1.98,8.53,-5.29,6.88,-40.5,11.19,-1.31,24.44,-19.56,0.0845755217981421,-0.11657774451851655,-0.4229470893577005,-108.76048947633528,-36.44404119171296,-31.185744677827834,-0.4113,-0.8129,-0.3127,-0.2688
171,1805209.0,1253.694165,1.0,1.98,8.53,-5.29,6.88,-40.5,11.19,-1.31,24.44,-19.56,0.0845755217981421,-0.11657774451851655,-0.4229470893577005,-108.76048947633528,-36.44404119171296,-31.185744677827834,-0.4113,-0.8129,-0.3127,-0.2688
172,1805244.0,1253.703845,1.0,2.08,8.28,-5.39,6.88,-40.5,11.19,-5.63,23.31,-24.56,-0.008458964416185433,-0.4157984623252631,-0.28116146159309,-107.99668693087187,-37.313754836919216,-31.530903656573717,-0.4117,-0.809,-0.3199,-0.2717
173,1805244.0,1253.703845,1.0,2.08,8.28,-5.39,6.88,-40.5,11.19,-5.63,23.31,-24.56,-0.008458964416185433,-0.4157984623252631,-0.28116146159309,-107.99668693087187,-37.313754836919216,-31.530903656573717,-0.4117,-0.809,-0.3199,-0.2717
174,1805277.0,1253.758634,1.0,1.92,8.34,-5.26,6.06,-40.5,9.88,-9.19,16.75,-18.81,-0.0241323174997714,-0.3002348415566738,-0.23421035512732225,-107.0468533184743,-38.22208366616019,-31.82869013670581,-0.4135,-0.8041,-0.3274,-0.2742
175,1805277.0,1253.758634,1.0,1.92,8.34,-5.26,6.06,-40.5,9.88,-9.19,16.75,-18.81,-0.0241323174997714,-0.3002348415566738,-0.23421035512732225,-107.0468533184743,-38.22208366616019,-31.82869013670581,-0.4135,-0.8041,-0.3274,-0.2742
176,1805312.0,1253.775941,1.0,1.73,8.29,-4.97,7.56,-39.75,10.38,-6.56,15.06,-18.19,0.03332663465951291,-0.1005792277830908,-0.012039991763709068,-106.4131295533326,-38.84117149116385,-32.04323298370182,-0.4147,-0.8008,-0.3325,-0.276
177,1805312.0,1253.775941,1.0,1.73,8.29,-4.97,7.56,-39.75,10.38,-6.56,15.06,-18.19,0.03332663465951291,-0.1005792277830908,-0.012039991763709068,-106.4131295533326,-38.84117149116385,-32.04323298370182,-0.4147,-0.8008,-0.3325,-0.276
178,1805348.0,1253.77975,1.0,1.91,8.31,-5.09,8.0,-39.5,9.06,-7.88,13.75,-17.25,0.0348962839888618,-0.3739249137662704,-0.11661873606820627,-105.57537971529776,-39.571024584505096,-32.329469794230796,-0.4168,-0.7964,-0.3385,-0.2784
179,1805348.0,1253.77975,1.0,1.91,8.31,-5.09,8.0,-39.5,9.06,-7.88,13.75,-17.25,0.0348962839888618,-0.3739249137662704,-0.11661873606820627,-105.57537971529776,-39.571024584505096,-32.329469794230796,-0.4168,-0.7964,-0.3385,-0.2784
180,1805383.0,1253.820889,1.0,1.59,8.2,-4.73,8.0,-39.5,9.06,-5.94,9.88,-17.12,0.055888924998622524,-0.05743881467593592,0.2079741949406806,-105.04644280430534,-40.05852194281655,-32.472665833224625,-0.418,-0.7936,-0.3425,-0.2796
181,1805383.0,1253.820889,1.0,1.59,8.2,-4.73,8.0,-39.5,9.06,-5.94,9.88,-17.12,0.055888924998622524,-0.05743881467593592,0.2079741949406806,-105.04644280430534,-40.05852194281655,-32.472665833224625,-0.418,-0.7936,-0.3425,-0.2796
182,1805420.0,1253.843693,1.0,1.5,7.9,-4.86,7.56,-39.5,9.88,-3.94,8.44,-15.19,-0.1954081898517204,-0.2513406319122442,0.41632287438351057,-104.35233464317457,-40.69340241756593,-32.592035674709635,-0.42,-0.7899,-0.3477,-0.2806
183,1805420.0,1253.843693,1.0,1.5,7.9,-4.86,7.56,-39.5,9.88,-3.94,8.44,-15.19,-0.1954081898517204,-0.2513406319122442,0.41632287438351057,-104.35233464317457,-40.69340241756593,-32.592035674709635,-0.42,-0.7899,-0.3477,-0.2806
184,1805453.0,1253.849176,1.0,1.5,8.28,-4.73,9.5,-41.0,8.56,-7.63,7.25,-10.44,0.008092518969093021,-0.08110685467482348,0.15394798505820084,-103.99799847995277,-40.96239758351413,-32.663675023621174,-0.4214,-0.7879999999999999,-0.3499,-0.2812
185,1805453.0,1253.849176,1.0,1.5,8.28,-4.73,9.5,-41.0,8.56,-7.63,7.25,-10.44,0.008092518969093021,-0.08110685467482348,0.15394798505820084,-103.99799847995277,-40.96239758351413,-32.663675023621174,-0.4214,-0.7879999999999999,-0.3499,-0.2812
186,1805488.0,1253.895348,1.0,1.36,8.19,-4.63,9.5,-41.0,8.56,-4.94,6.13,-9.75,-0.03460301550549971,-0.0058079213890689365,0.300790286151539,-103.58945826629656,-41.341837382049434,-32.74727085632419,-0.4225,-0.7858,-0.353,-0.2819
187,1805488.0,1253.895348,1.0,1.36,8.19,-4.63,9.5,-41.0,8.56,-4.94,6.13,-9.75,-0.03460301550549971,-0.0058079213890689365,0.300790286151539,-103.58945826629656,-41.341837382049434,-32.74727085632419,-0.4225,-0.7858,-0.353,-0.2819
188,1805522.0,1253.95713,1.0,1.3,8.35,-4.57,9.75,-39.5,8.69,-4.25,9.75,-8.75,0.013109128051474128,0.09817135148872502,0.20000695799471124,-103.21965750009808,-41.64818266123672,-32.878671967526124,-0.4233,-0.7838,-0.3555,-0.28300000000000003
189,1805522.0,1253.95713,1.0,1.3,8.35,-4.57,9.75,-39.5,8.69,-4.25,9.75,-8.75,0.013109128051474128,0.09817135148872502,0.20000695799471124,-103.21965750009808,-41.64818266123672,-32.878671967526124,-0.4233,-0.7838,-0.3555,-0.28300000000000003
190,1805557.0,1253.973541,1.0,1.55,8.16,-4.64,9.75,-40.25,8.69,-5.88,9.38,-8.25,0.02203194794417396,-0.24602993426803102,0.2957781227894838,-102.75951351944929,-42.00393403253583,-33.09378799906577,-0.4243,-0.7813,-0.3584,-0.2848
191,1805557.0,1253.973541,1.0,1.55,8.16,-4.64,9.75,-40.25,8.69,-5.88,9.38,-8.25,0.02203194794417396,-0.24602993426803102,0.2957781227894838,-102.75951351944929,-42.00393403253583,-33.09378799906577,-0.4243,-0.7813,-0.3584,-0.2848
192,1805592.0,1254.023759,1.0,1.23,8.53,-4.31,9.75,-40.25,8.69,-5.88,4.06,-10.31,0.1864306781253875,0.2576018284922421,0.17603294291528115,-102.41134549904314,-42.22495842729175,-33.16551997219127,-0.4259,-0.7794,-0.3602,-0.2854
193,1805592.0,1254.023759,1.0,1.23,8.53,-4.31,9.75,-40.25,8.69,-5.88,4.06,-10.31,0.1864306781253875,0.2576018284922421,0.17603294291528115,-102.41134549904314,-42.22495842729175,-33.16551997219127,-0.4259,-0.7794,-0.3602,-0.2854
194,1805627.0,1254.0266,1.0,1.21,8.33,-4.49,10.88,-40.25,9.88,-2.19,8.31,-9.94,-0.025032817702668853,0.07351965476345512,0.2668875177155847,-101.91883135691955,-42.75363018855425,-33.32098517464778,-0.4263,-0.7767,-0.3645,-0.2867
195,1805627.0,1254.0266,1.0,1.21,8.33,-4.49,10.88,-40.25,9.88,-2.19,8.31,-9.94,-0.025032817702668853,0.07351965476345512,0.2668875177155847,-101.91883135691955,-42.75363018855425,-33.32098517464778,-0.4263,-0.7767,-0.3645,-0.2867
196,1805662.0,1254.113551,1.0,1.44,8.21,-4.87,11.56,-39.88,9.5,-4.81,7.63,-3.56,-0.2367468005458664,-0.3440058037547047,0.1619514065024088,-101.55568290678623,-43.11071528826148,-33.548317235556404,-0.4261,-0.7747,-0.3674,-0.2886
197,1805662.0,1254.113551,1.0,1.44,8.21,-4.87,11.56,-39.88,9.5,-4.81,7.63,-3.56,-0.2367468005458664,-0.3440058037547047,0.1619514065024088,-101.55568290678623,-43.11071528826148,-33.548317235556404,-0.4261,-0.7747,-0.3674,-0.2886
198,1805699.0,1254.117686,1.0,1.35,8.46,-4.67,11.25,-39.88,9.88,-2.06,0.56,1.63,-0.08719531293019145,-0.10014206417254813,0.05035108369027519,-101.32039083270723,-43.18464974314042,-33.751834870470574,-0.4267,-0.7734,-0.368,-0.2903
199,1805699.0,1254.117686,1.0,1.35,8.46,-4.67,11.25,-39.88,9.88,-2.06,0.56,1.63,-0.08719531293019145,-0.10014206417254813,0.05035108369027519,-101.32039083270723,-43.18464974314042,-33.751834870470574,-0.4267,-0.7734,-0.368,-0.2903
200,1805731.0,1254.170249,1.0,1.32,8.37,-4.58,11.25,-39.88,9.88,-2.19,1.19,3.38,-0.07326387435110049,-0.05736290652184017,0.17508512705902746,-101.35655120840237,-43.12303638792578,-33.811713840931375,-0.4265,-0.7736,-0.3675,-0.2908
201,1805731.0,1254.170249,1.0,1.32,8.37,-4.58,11.25,-39.88,9.88,-2.19,1.19,3.38,-0.07326387435110049,-0.05736290652184017,0.17508512705902746,-101.35655120840237,-43.12303638792578,-33.811713840931375,-0.4265,-0.7736,-0.3675,-0.2908
202,1805768.0,1254.187459,1.0,1.57,8.67,-4.66,10.88,-40.25,9.06,-3.75,-0.19,3.19,0.06914683667050547,-0.17632572114811307,-0.15896728921194558,-101.33846927981493,-42.97521768410124,-33.96744372977673,-0.4268,-0.7735,-0.3663,-0.2921
203,1805768.0,1254.187459,1.0,1.57,8.67,-4.66,10.88,-40.25,9.06,-3.75,-0.19,3.19,0.06914683667050547,-0.17632572114811307,-0.15896728921194558,-101.33846927981493,-42.97521768410124,-33.96744372977673,-0.4268,-0.7735,-0.3663,-0.2921
204,1805803.0,1254.230378,1.0,1.32,8.43,-4.49,11.56,-40.25,8.69,1.31,-1.5,1.56,-0.02099411557556197,0.018350746636945917,0.1647299372112041,-101.37463662093218,-42.91364872106161,-33.96744372977673,-0.4269,-0.7737,-0.3658,-0.2921
205,1805803.0,1254.230378,1.0,1.32,8.43,-4.49,11.56,-40.25,8.69,1.31,-1.5,1.56,-0.02099411557556197,0.018350746636945917,0.1647299372112041,-101.37463662093218,-42.91364872106161,-33.96744372977673,-0.4269,-0.7737,-0.3658,-0.2921
206,1805836.0,1254.250859,1.0,1.25,8.47,-4.42,11.56,-40.25,8.69,-1.31,-4.5,0.88,0.008147322289028036,0.11685146311020045,0.17202082412049613,-101.44701315982277,-42.815165407712406,-33.883581162404816,-0.4274,-0.7741,-0.365,-0.2914
207,1805836.0,1254.250859,1.0,1.25,8.47,-4.42,11.56,-40.25,8.69,-1.31,-4.5,0.88,0.008147322289028036,0.11685146311020045,0.17202082412049613,-101.44701315982277,-42.815165407712406,-33.883581162404816,-0.4274,-0.7741,-0.365,-0.2914
208,1805873.0,1254.303543,1.0,1.19,8.46,-4.43,10.5,-40.56,8.5,0.19,-0.69,1.56,-0.03922068972516879,0.15947689465831694,0.18450736659617029,-101.50133226645922,-42.72901972322527,-33.85962386452365,-0.4276,-0.7744,-0.3643,-0.2912
209,1805873.0,1254.303543,1.0,1.19,8.46,-4.43,10.5,-40.56,8.5,0.19,-0.69,1.56,-0.03922068972516879,0.15947689465831694,0.18450736659617029,-101.50133226645922,-42.72901972322527,-33.85962386452365,-0.4276,-0.7744,-0.3643,-0.2912
210,1805910.0,1254.3229410000001,1.0,1.24,8.5,-4.34,11.25,-39.5,8.25,-1.12,0.75,1.5,0.0634268023981781,0.17582041184037678,0.18437042478925925,-101.50133226645922,-42.70441132531611,-33.8955603834521,-0.4277,-0.7744,-0.3641,-0.2915
211,1805910.0,1254.3229410000001,1.0,1.24,8.5,-4.34,11.25,-39.5,8.25,-1.12,0.75,1.5,0.0634268023981781,0.17582041184037678,0.18437042478925925,-101.50133226645922,-42.70441132531611,-33.8955603834521,-0.4277,-0.7744,-0.3641,-0.2915
212,1805942.0,1254.37253,1.0,1.26,8.49,-4.35,11.25,-39.5,8.25,-0.56,0.5,1.25,0.05845999924924716,0.15446736571267294,0.18568735266488007,-101.50133226645922,-42.667502601243356,-33.919519970596944,-0.4277,-0.7744,-0.3638,-0.2917
213,1805942.0,1254.37253,1.0,1.26,8.49,-4.35,11.25,-39.5,8.25,-0.56,0.5,1.25,0.05845999924924716,0.15446736571267294,0.18568735266488007,-101.50133226645922,-42.667502601243356,-33.919519970596944,-0.4277,-0.7744,-0.3638,-0.2917
214,1805977.0,1254.3926609999999,1.0,1.28,8.55,-4.48,10.5,-39.88,8.19,-1.75,-1.94,2.63,-0.022243521035752774,0.10550329740934217,0.07013757100327389,-101.53756251878842,-42.55680426104336,-33.943481085591756,-0.428,-0.7746,-0.3629,-0.2919
215,1805977.0,1254.3926609999999,1.0,1.28,8.55,-4.48,10.5,-39.88,8.19,-1.75,-1.94,2.63,-0.022243521035752774,0.10550329740934217,0.07013757100327389,-101.53756251878842,-42.55680426104336,-33.943481085591756,-0.428,-0.7746,-0.3629,-0.2919
216,1806012.0,1254.444602,1.0,1.18,8.57,-4.2,10.5,-40.25,8.56,-0.25,-2.0,0.5,0.13507058923779636,0.3151519579749591,0.19625275642533424,-101.53756251878842,-42.48302850521899,-33.919519970596944,-0.4285,-0.7746,-0.3623,-0.2917
217,1806012.0,1254.444602,1.0,1.18,8.57,-4.2,10.5,-40.25,8.56,-0.25,-2.0,0.5,0.13507058923779636,0.3151519579749591,0.19625275642533424,-101.53756251878842,-42.48302850521899,-33.919519970596944,-0.4285,-0.7746,-0.3623,-0.2917
218,1806047.0,1254.463001,1.0,1.25,8.55,-4.24,10.5,-40.25,8.56,0.63,0.88,1.88,0.13444941976366276,0.2363498032348934,0.185389057481288,-101.6281995958626,-42.36010990852977,-33.883581162404816,-0.4288,-0.7751,-0.3613,-0.2914
219,1806047.0,1254.463001,1.0,1.25,8.55,-4.24,10.5,-40.25,8.56,0.63,0.88,1.88,0.13444941976366276,0.2363498032348934,0.185389057481288,-101.6281995958626,-42.36010990852977,-33.883581162404816,-0.4288,-0.7751,-0.3613,-0.2914
220,1806080.0,1254.506128,1.0,1.4,8.48,-4.46,10.5,-40.56,7.38,-0.44,4.56,1.69,0.015530401605648112,-0.004949074206809456,0.12358569610887747,-101.55568290678623,-42.37239946677662,-34.00339056621902,-0.4286,-0.7747,-0.3614,-0.2924
221,1806080.0,1254.506128,1.0,1.4,8.48,-4.46,10.5,-40.56,7.38,-0.44,4.56,1.69,0.015530401605648112,-0.004949074206809456,0.12358569610887747,-101.55568290678623,-42.37239946677662,-34.00339056621902,-0.4286,-0.7747,-0.3614,-0.2924
222,1806114.0,1254.529967,1.0,1.42,8.64,-4.45,10.5,-41.38,9.06,-1.25,1.75,1.81,0.06518345197350706,0.05151681143500486,-0.01483650336233211,-101.51944563950941,-42.34782086095775,-34.13522516911611,-0.4285,-0.7745,-0.3612,-0.2935
223,1806114.0,1254.529967,1.0,1.42,8.64,-4.45,10.5,-41.38,9.06,-1.25,1.75,1.81,0.06518345197350706,0.05151681143500486,-0.01483650336233211,-101.51944563950941,-42.34782086095775,-34.13522516911611,-0.4285,-0.7745,-0.3612,-0.2935
224,1806149.0,1254.577126,1.0,1.36,8.53,-4.36,10.88,-39.06,8.69,-0.37,0.94,0.19,0.06448492546454854,0.10319723547602244,0.13166720802677825,-101.48322239715057,-42.396980116115046,-34.18317656247093,-0.4282,-0.7743,-0.3616,-0.2939
225,1806149.0,1254.577126,1.0,1.36,8.53,-4.36,10.88,-39.06,8.69,-0.37,0.94,0.19,0.06448492546454854,0.10319723547602244,0.13166720802677825,-101.48322239715057,-42.396980116115046,-34.18317656247093,-0.4282,-0.7743,-0.3616,-0.2939
226,1806184.0,1254.6437310000001,1.0,1.39,8.48,-4.49,10.88,-39.06,8.69,-0.12,1.5,0.19,-0.035387064283311835,0.004848686007592029,0.11122199263872368,-101.46511602909901,-42.421562810614134,-34.21914415630217,-0.428,-0.7742,-0.3618,-0.2942
227,1806184.0,1254.6437310000001,1.0,1.39,8.48,-4.49,10.88,-39.06,8.69,-0.12,1.5,0.19,-0.035387064283311835,0.004848686007592029,0.11122199263872368,-101.46511602909901,-42.421562810614134,-34.21914415630217,-0.428,-0.7742,-0.3618,-0.2942
228,1806221.0,1254.661883,1.0,1.43,8.59,-4.56,10.5,-41.0,8.56,-3.19,-2.25,0.75,-0.04016905131724169,-0.02297354610021696,-0.023124090155674185,-101.46511602909901,-42.36010990852977,-34.21914415630217,-0.4285,-0.7742,-0.3613,-0.2942
229,1806221.0,1254.661883,1.0,1.43,8.59,-4.56,10.5,-41.0,8.56,-3.19,-2.25,0.75,-0.04016905131724169,-0.02297354610021696,-0.023124090155674185,-101.46511602909901,-42.36010990852977,-34.21914415630217,-0.4285,-0.7742,-0.3613,-0.2942
230,1806254.0,1254.6651669999999,1.0,1.3,8.53,-4.22,11.25,-40.25,9.5,-0.5,-2.69,0.37,0.12841736977983675,0.20455563139039068,0.204516592636546,-101.37463662093218,-42.45844069063149,-34.24312448272413,-0.4286,-0.7737,-0.3621,-0.2944
231,1806254.0,1254.6651669999999,1.0,1.3,8.53,-4.22,11.25,-40.25,9.5,-0.5,-2.69,0.37,0.12841736977983675,0.20455563139039068,0.204516592636546,-101.37463662093218,-42.45844069063149,-34.24312448272413,-0.4286,-0.7737,-0.3621,-0.2944
232,1806288.0,1254.719553,1.0,1.25,8.42,-4.33,11.25,-40.25,9.5,-2.13,1.19,1.37,-0.026795647656898902,0.15492328770599606,0.25766676783370634,-101.35655120840237,-42.421562810614134,-34.279097871531036,-0.4288,-0.7736,-0.3618,-0.2947
233,1806288.0,1254.719553,1.0,1.25,8.42,-4.33,11.25,-40.25,9.5,-2.13,1.19,1.37,-0.026795647656898902,0.15492328770599606,0.25766676783370634,-101.35655120840237,-42.421562810614134,-34.279097871531036,-0.4288,-0.7736,-0.3618,-0.2947
234,1806323.0,1254.7342429999999,1.0,1.36,8.61,-4.36,10.06,-40.25,7.75,0.0,0.5,0.63,0.06281949540266353,0.11785019951632147,0.0612169649075458,-101.35655120840237,-42.36010990852977,-34.279097871531036,-0.4293,-0.7736,-0.3613,-0.2947
235,1806323.0,1254.7342429999999,1.0,1.36,8.61,-4.36,10.06,-40.25,7.75,0.0,0.5,0.63,0.06281949540266353,0.11785019951632147,0.0612169649075458,-101.35655120840237,-42.36010990852977,-34.279097871531036,-0.4293,-0.7736,-0.3613,-0.2947
236,1806360.0,1254.780024,1.0,1.28,8.65,-4.18,9.75,-41.0,8.25,0.12,1.81,-0.37,0.1558362110340481,0.2756350208015803,0.11990439527607323,-101.32039083270723,-42.31095678024124,-34.315074743396394,-0.4297,-0.7734,-0.3609,-0.295
237,1806360.0,1254.780024,1.0,1.28,8.65,-4.18,9.75,-41.0,8.25,0.12,1.81,-0.37,0.1558362110340481,0.2756350208015803,0.11990439527607323,-101.32039083270723,-42.31095678024124,-34.315074743396394,-0.4297,-0.7734,-0.3609,-0.295
238,1806393.0,1254.8395460000002,1.0,1.36,8.6,-4.29,9.75,-41.0,8.25,0.31,1.12,0.25,0.09828757693790413,0.14161144384461988,0.10180658286070532,-101.28424437309431,-42.32324429701836,-34.339061261923746,-0.4297,-0.7732,-0.361,-0.2952
239,1806393.0,1254.8395460000002,1.0,1.36,8.6,-4.29,9.75,-41.0,8.25,0.31,1.12,0.25,0.09828757693790413,0.14161144384461988,0.10180658286070532,-101.28424437309431,-42.32324429701836,-34.339061261923746,-0.4297,-0.7732,-0.361,-0.2952
240,1806428.0,1254.8636390000001,1.0,1.53,8.64,-4.63,9.75,-40.25,9.06,-2.38,-0.81,1.25,-0.06711461909688278,-0.13690178260900246,-0.11323677001013087,-101.26617635567743,-42.274097288223146,-34.387038954542724,-0.4301,-0.7731,-0.3606,-0.2956
241,1806428.0,1254.8636390000001,1.0,1.53,8.64,-4.63,9.75,-40.25,9.06,-2.38,-0.81,1.25,-0.06711461909688278,-0.13690178260900246,-0.11323677001013087,-101.26617635567743,-42.274097288223146,-34.387038954542724,-0.4301,-0.7731,-0.3606,-0.2956
242,1806462.0,1254.945042,1.0,1.35,8.84,-4.15,10.06,-40.25,7.88,-0.81,1.37,0.0,0.2502581606820091,0.29028241868490395,-0.04442643714200933,-101.23005073336391,-42.22495842729175,-34.387038954542724,-0.4308,-0.7729,-0.3602,-0.2956
243,1806462.0,1254.945042,1.0,1.35,8.84,-4.15,10.06,-40.25,7.88,-0.81,1.37,0.0,0.2502581606820091,0.29028241868490395,-0.04442643714200933,-101.23005073336391,-42.22495842729175,-34.387038954542724,-0.4308,-0.7729,-0.3602,-0.2956
